代码,简称,日期,开盘价(元),最高价(元),最低价(元),收盘价(元),成交量(股),
002826.SZ,易明医药,2016-12-09,7.27,8.73,7.27,8.73,13268,
002826.SZ,易明医药,2016-12-12,9.6,9.6,9.6,9.6,9129,
002826.SZ,易明医药,2016-12-13,10.56,10.56,10.56,10.56,6231,
002826.SZ,易明医药,2016-12-14,11.62,11.62,11.62,11.62,5600,
002826.SZ,易明医药,2016-12-15,12.78,12.78,12.78,12.78,6900,
002826.SZ,易明医药,2016-12-16,14.06,14.06,14.06,14.06,7197,
002826.SZ,易明医药,2016-12-19,15.47,15.47,15.47,15.47,15469,
002826.SZ,易明医药,2016-12-20,17.02,17.02,17.02,17.02,17962,
002826.SZ,易明医药,2016-12-21,18.72,18.72,18.72,18.72,13581,
002826.SZ,易明医药,2016-12-22,20.59,20.59,20.59,20.59,37424,
002826.SZ,易明医药,2016-12-23,22.65,22.65,22.65,22.65,69441,
002826.SZ,易明医药,2016-12-26,24.92,24.92,24.92,24.92,172673,
002826.SZ,易明医药,2016-12-27,27.41,27.41,27.41,27.41,298164,
002826.SZ,易明医药,2016-12-28,30.15,30.15,30.15,30.15,2314704,
002826.SZ,易明医药,2016-12-29,28.9,30,27.18,27.3,24577604,
002826.SZ,易明医药,2016-12-30,27,27.26,25.81,26.28,15727699,
002826.SZ,易明医药,2017-01-03,26.54,28.48,26.31,27.76,17394886,
002826.SZ,易明医药,2017-01-04,27.56,27.8,26.88,27.33,11308557,
002826.SZ,易明医药,2017-01-05,27.08,27.6,26.4,27.01,10335896,
002826.SZ,易明医药,2017-01-06,26.8,26.9,25.52,25.65,9169772,
002826.SZ,易明医药,2017-01-09,25.2,25.3,24.96,25.19,5185193,
002826.SZ,易明医药,2017-01-10,25.25,25.71,25.03,25.29,4173553,
002826.SZ,易明医药,2017-01-11,25.21,25.25,24.3,24.3,4555650,
002826.SZ,易明医药,2017-01-12,24.34,24.68,23.69,23.79,4047012,
002826.SZ,易明医药,2017-01-13,23.65,23.95,22.9,23.04,4668923,
002826.SZ,易明医药,2017-01-16,22.77,22.78,20.89,21.6,4851895,
002826.SZ,易明医药,2017-01-17,21.3,23.02,21,22.5,5474181,
002826.SZ,易明医药,2017-01-18,22.35,22.39,22.03,22.25,2584991,
002826.SZ,易明医药,2017-01-19,21.95,23,21.56,22.56,3858603,
002826.SZ,易明医药,2017-01-20,22.56,24.13,22.36,23.52,4814126,
002826.SZ,易明医药,2017-01-23,23.37,24.05,23.36,23.63,3645532,
002826.SZ,易明医药,2017-01-24,23.8,24.15,23.31,23.37,3498414,
002826.SZ,易明医药,2017-01-25,22.8,23.76,22.79,23.48,2901553,
002826.SZ,易明医药,2017-01-26,23.55,23.6,23.1,23.46,2622321,
002826.SZ,易明医药,2017-02-03,23.52,23.77,23.14,23.51,2446044,
002826.SZ,易明医药,2017-02-06,23.65,24.74,23.41,24.62,5321077,
002826.SZ,易明医药,2017-02-07,24.62,24.98,24.28,24.73,4640355,
002826.SZ,易明医药,2017-02-08,24.6,25.5,24.41,25.22,6915162,
002826.SZ,易明医药,2017-02-09,24.9,25.31,24.9,25.01,4529832,
002826.SZ,易明医药,2017-02-10,24.95,25.08,24.45,24.45,4205020,
002826.SZ,易明医药,2017-02-13,24.38,26.9,24.1,26.9,7128326,
002826.SZ,易明医药,2017-02-14,27.8,27.8,26.3,27.04,15760341,
002826.SZ,易明医药,2017-02-15,26.7,28.48,26.53,27.27,13144534,
002826.SZ,易明医药,2017-02-16,26.74,26.85,26,26.37,7909986,
002826.SZ,易明医药,2017-02-17,26.14,26.99,25.77,25.8,6424137,
002826.SZ,易明医药,2017-02-20,25.46,26.67,25.1,26.3,6525176,
002826.SZ,易明医药,2017-02-21,26.28,27.4,26.1,27.11,10228045,
002826.SZ,易明医药,2017-02-22,26.7,26.95,25.88,26.04,7155543,
002826.SZ,易明医药,2017-02-23,26.05,28.64,25.88,28.64,17687577,
002826.SZ,易明医药,2017-02-24,31.5,31.5,30.58,31.5,19015286,
002826.SZ,易明医药,2017-02-27,31.5,34.6,31.09,32.57,22685143,
002826.SZ,易明医药,2017-02-28,32,35.6,30.9,34.21,20292727,
002826.SZ,易明医药,2017-03-01,33.64,34.28,32.5,32.5,14045279,
002826.SZ,易明医药,2017-03-02,32,33.25,31.3,32.52,10182895,
002826.SZ,易明医药,2017-03-03,32,33.16,31.5,32.82,7602393,
002826.SZ,易明医药,2017-03-06,33.01,33.88,32.35,33.83,10595877,
002826.SZ,易明医药,2017-03-07,33.63,33.63,32.75,33.11,7415017,
002826.SZ,易明医药,2017-03-08,32.94,33.38,32.11,32.32,6665642,
002826.SZ,易明医药,2017-03-09,32.6,32.64,30,30.79,8265454,
002826.SZ,易明医药,2017-03-10,31.05,31.48,30.46,31.01,4674658,
002826.SZ,易明医药,2017-03-13,30.93,31.76,30.2,31.65,5165114,
002826.SZ,易明医药,2017-03-14,31.56,31.96,31.02,31.58,5515351,
002826.SZ,易明医药,2017-03-15,31.57,31.96,31.2,31.39,4334069,
002826.SZ,易明医药,2017-03-16,31.5,33.46,31.49,32.95,10262552,
002826.SZ,易明医药,2017-03-17,32.7,33.3,31.95,32.03,7914084,
002826.SZ,易明医药,2017-03-20,31.6,32.49,30.93,32.43,5125176,
002826.SZ,易明医药,2017-03-21,32.43,33.18,32.12,33.06,6802851,
002826.SZ,易明医药,2017-03-22,32.7,35.5,32.52,34,11784419,
002826.SZ,易明医药,2017-03-23,34.1,34.25,31.02,32.62,9873084,
002826.SZ,易明医药,2017-03-24,32.12,32.48,31.71,31.95,5456549,
002826.SZ,易明医药,2017-03-27,31.95,32.38,31.6,32.02,3416726,
002826.SZ,易明医药,2017-03-28,31.64,32.6,31.63,31.76,3667863,
002826.SZ,易明医药,2017-03-29,31.76,32.05,28.9,29.66,7436898,
002826.SZ,易明医药,2017-03-30,28.8,29,26.69,26.9,7362784,
002826.SZ,易明医药,2017-03-31,27.24,28.27,26.91,27.7,5076932,
002826.SZ,易明医药,2017-04-05,27.24,28.2,26.71,27.8,3532453,
002826.SZ,易明医药,2017-04-06,27.81,28.8,27.55,28.18,3600721,
002826.SZ,易明医药,2017-04-07,28.1,28.44,27.66,27.7,2420003,
002826.SZ,易明医药,2017-04-10,27.62,27.63,25.25,26.13,4683801,
002826.SZ,易明医药,2017-04-11,25.9,26.68,25.7,26.6,3050215,
002826.SZ,易明医药,2017-04-12,26.66,26.78,26,26,1756662,
002826.SZ,易明医药,2017-04-13,26.08,26.74,26.01,26.19,1512758,
002826.SZ,易明医药,2017-04-14,25.76,26.05,25.49,25.5,1905881,
002826.SZ,易明医药,2017-04-17,24.92,26.07,23.88,25.56,3158094,
002826.SZ,易明医药,2017-04-18,25.6,25.6,24.71,24.84,1575226,
002826.SZ,易明医药,2017-04-19,24.63,25.4,24.5,25.38,1738449,
002826.SZ,易明医药,2017-04-20,25.38,26.73,25.35,26.56,4750148,
002826.SZ,易明医药,2017-04-21,26.21,26.21,25.67,25.86,2597802,
002826.SZ,易明医药,2017-04-24,25.63,25.67,23.33,23.83,2297101,
002826.SZ,易明医药,2017-04-25,23.83,24.28,23.3,23.71,1961405,
002826.SZ,易明医药,2017-04-26,23.72,24.2,23.72,23.84,1447005,
002826.SZ,易明医药,2017-04-27,23.79,24.53,23.01,24.33,3089165,
002826.SZ,易明医药,2017-04-28,24.28,24.39,24.01,24.21,1525462,
002826.SZ,易明医药,2017-05-02,24.2,24.49,24.04,24.21,1358950,
002826.SZ,易明医药,2017-05-03,24.21,24.45,24.05,24.36,1354612,
002826.SZ,易明医药,2017-05-04,24.38,24.46,24.08,24.1,1271268,
002826.SZ,易明医药,2017-05-05,24,24.05,23.32,23.32,1448958,
002826.SZ,易明医药,2017-05-08,23.55,23.55,22.01,22.2,1431358,
002826.SZ,易明医药,2017-05-09,22.2,22.81,22.05,22.73,1039370,
002826.SZ,易明医药,2017-05-10,22.56,23.09,22.3,22.3,1270979,
002826.SZ,易明医药,2017-05-11,22.07,22.91,22.02,22.83,1357532,
002826.SZ,易明医药,2017-05-12,22.83,23.03,22.56,22.71,879133,
002826.SZ,易明医药,2017-05-15,22.96,22.96,22.29,22.31,1178338,
002826.SZ,易明医药,2017-05-16,22.26,22.97,22.06,22.97,1592723,
002826.SZ,易明医药,2017-05-17,22.9,23.46,22.76,22.98,1851100,
002826.SZ,易明医药,2017-05-18,22.7,23.31,22.6,22.72,1495363,
002826.SZ,易明医药,2017-05-19,22.72,22.95,22.3,22.38,1320677,
002826.SZ,易明医药,2017-05-22,22.38,22.5,20.97,21.03,1897063,
002826.SZ,易明医药,2017-05-23,21.09,21.15,19.53,19.55,1655122,
002826.SZ,易明医药,2017-05-24,19.58,19.97,19.11,19.81,1313157,
002826.SZ,易明医药,2017-05-25,19.63,20.1,19.25,19.9,1017967,
002826.SZ,易明医药,2017-05-26,19.9,21.89,19.65,21.89,2965728,
002826.SZ,易明医药,2017-05-31,22.57,23.5,21.86,21.91,5320968,
002826.SZ,易明医药,2017-06-01,21.77,21.8,20.55,20.55,2799556,
002826.SZ,易明医药,2017-06-02,20.27,21.8,20,21.33,2846974,
002826.SZ,易明医药,2017-06-05,21.24,22.7,21.2,21.83,3436270,
002826.SZ,易明医药,2017-06-06,21.5,22.34,21.5,22.02,1571616,
002826.SZ,易明医药,2017-06-07,21.95,22.89,21.88,22.58,2670113,
002826.SZ,易明医药,2017-06-08,22.45,22.8,22.26,22.4,1789335,
002826.SZ,易明医药,2017-06-09,22.16,22.49,21.76,21.93,2205805,
002826.SZ,易明医药,2017-06-12,21.7194,22.4213,21.5189,21.579,1580549,
002826.SZ,易明医药,2017-06-13,21.3985,22.1205,21.218,22.0704,1394082,
002826.SZ,易明医药,2017-06-14,22.0704,22.3411,21.8799,22.291,1805236,
002826.SZ,易明医药,2017-06-15,22.1606,22.8124,22.1105,22.662,2485900,
002826.SZ,易明医药,2017-06-16,22.5016,22.652,22.1606,22.2208,1528355,
002826.SZ,易明医药,2017-06-19,22.2007,22.4013,22.0002,22.1506,1257674,
002826.SZ,易明医药,2017-06-20,22.3712,22.3712,22.0102,22.0704,1068348,
002826.SZ,易明医药,2017-06-21,22.1105,22.2308,21.6091,21.6592,1459577,
002826.SZ,易明医药,2017-06-22,21.7395,21.9801,20.8571,20.9674,1418760,
002826.SZ,易明医药,2017-06-23,20.9573,21.0075,20.2855,20.7568,1350760,
002826.SZ,易明医药,2017-06-26,20.7066,20.9974,20.6264,20.8972,980921,
002826.SZ,易明医药,2017-06-27,20.8972,21.6994,20.7668,21.208,1543146,
002826.SZ,易明医药,2017-06-28,21.208,21.208,20.6766,20.7568,855200,
002826.SZ,易明医药,2017-06-29,20.7568,20.8871,20.6766,20.7869,783800,
002826.SZ,易明医药,2017-06-30,20.7768,21.0877,20.5763,20.9974,818445,
002826.SZ,易明医药,2017-07-03,20.9072,21.2682,20.847,21.1478,818902,
002826.SZ,易明医药,2017-07-04,21.208,21.2682,20.9573,21.0175,541421,
002826.SZ,易明医药,2017-07-05,21.0375,21.4386,21.0375,21.3083,1320653,
002826.SZ,易明医药,2017-07-06,21.4086,21.559,21.0877,21.3685,1209558,
002826.SZ,易明医药,2017-07-07,21.3885,22.4113,21.2281,21.8598,2382702,
002826.SZ,易明医药,2017-07-10,21.569,21.6893,20.7568,20.9573,1911679,
002826.SZ,易明医药,2017-07-11,20.7267,21.0576,20.7167,20.7167,1025675,
002826.SZ,易明医药,2017-07-12,20.6766,21.2582,20.6766,21.218,1415970,
002826.SZ,易明医药,2017-07-13,21.0877,22.0403,20.9674,22.0403,4048619,
002826.SZ,易明医药,2017-07-14,21.92,22.0503,21.0576,21.1278,2329488,
002826.SZ,易明医药,2017-07-17,20.9072,21.0375,19.1825,19.2025,2244558,
002826.SZ,易明医药,2017-07-18,19.1724,19.4933,18.9518,19.3529,1053900,
002826.SZ,易明医药,2017-07-19,19.2226,19.754,19.1524,19.6939,882400,
002826.SZ,易明医药,2017-07-20,19.5936,20.1351,19.4733,19.5034,1164222,
002826.SZ,易明医药,2017-07-21,19.4532,19.6036,19.1825,19.2627,889105,
002826.SZ,易明医药,2017-07-24,19.363,19.4933,19.1925,19.383,649100,
002826.SZ,易明医药,2017-07-25,19.3529,19.4432,19.2025,19.2928,668790,
002826.SZ,易明医药,2017-07-26,19.2527,19.4031,18.9619,19.022,845719,
002826.SZ,易明医药,2017-07-27,18.9619,19.6437,18.9017,19.5535,1536648,
002826.SZ,易明医药,2017-07-28,19.4532,19.6036,19.2527,19.3229,939100,
002826.SZ,易明医药,2017-07-31,19.363,19.4432,19.1524,19.2226,862755,
002826.SZ,易明医药,2017-08-01,19.2226,19.3128,18.9318,19.1925,1089275,
002826.SZ,易明医药,2017-08-02,19.2527,19.2527,18.7613,18.7613,1014400,
002826.SZ,易明医药,2017-08-03,18.7513,19.1323,18.6911,18.8917,729500,
002826.SZ,易明医药,2017-08-04,18.9518,18.9819,18.4505,18.4605,1410500,
002826.SZ,易明医药,2017-08-07,18.5006,18.8415,18.4505,18.651,722700,
002826.SZ,易明医药,2017-08-08,18.661,18.7413,18.4505,18.6711,657180,
002826.SZ,易明医药,2017-08-09,18.7312,19.8142,18.5307,19.6237,3274792,
002826.SZ,易明医药,2017-08-10,19.3329,19.4031,18.9619,19.0321,1592777,
002826.SZ,易明医药,2017-08-11,19.002,19.002,18.661,18.6711,753031,
002826.SZ,易明医药,2017-08-14,18.6711,19.002,18.6009,18.9318,749891,
002826.SZ,易明医药,2017-08-15,18.8817,19.1524,18.8516,18.9619,739900,
002826.SZ,易明医药,2017-08-16,19.0922,19.3429,18.9017,19.2126,1145211,
002826.SZ,易明医药,2017-08-17,19.1223,19.3128,19.1123,19.2827,893327,
002826.SZ,易明医药,2017-08-18,19.2827,19.4031,18.9719,18.9719,883129,
002826.SZ,易明医药,2017-08-21,19.012,19.4332,19.002,19.3229,1332264,
002826.SZ,易明医药,2017-08-22,19.4532,19.5034,19.2727,19.4332,1354600,
002826.SZ,易明医药,2017-08-23,19.4031,19.4933,19.1424,19.4131,1026806,
002826.SZ,易明医药,2017-08-24,19.4131,19.8142,19.2025,19.4031,1895500,
002826.SZ,易明医药,2017-08-25,19.2827,19.6939,19.2827,19.5836,1304600,
002826.SZ,易明医药,2017-08-28,19.5836,20.2955,19.5836,19.9245,2985000,
002826.SZ,易明医药,2017-08-29,19.9145,20.486,19.8343,20.1351,2546085,
002826.SZ,易明医药,2017-08-30,20.0549,20.2053,19.754,19.8343,1300358,
002826.SZ,易明医药,2017-08-31,19.8744,20.3657,19.8042,20.3356,1665158,
002826.SZ,易明医药,2017-09-01,20.3457,20.5362,20.1551,20.4158,1708558,
002826.SZ,易明医药,2017-09-04,20.3858,20.486,20.1852,20.2554,1162321,
002826.SZ,易明医药,2017-09-05,20.3858,20.3858,20.1551,20.3356,844337,
002826.SZ,易明医药,2017-09-06,20.3055,20.4058,20.0047,20.2755,1065574,
002826.SZ,易明医药,2017-09-07,20.2755,20.6866,20.0849,20.3457,1686837,
002826.SZ,易明医药,2017-09-08,20.2855,20.486,20.2253,20.2855,1070558,
002826.SZ,易明医药,2017-09-11,20.2554,20.6365,20.115,20.5161,1151858,
002826.SZ,易明医药,2017-09-12,20.456,20.5963,20.0549,20.095,1381100,
002826.SZ,易明医药,2017-09-13,20.0549,20.2855,19.9546,20.2454,796773,
002826.SZ,易明医药,2017-09-14,21.0576,22.2709,21.0576,22.2709,6723719,
002826.SZ,易明医药,2017-09-15,22.2809,24.4569,21.7194,23.2636,13693162,
002826.SZ,易明医药,2017-09-18,23.0731,23.2235,22.1606,22.7723,6568452,
002826.SZ,易明医药,2017-09-19,22.662,22.662,21.8598,22.0704,5542016,
002826.SZ,易明医药,2017-09-20,22.1506,22.3812,21.8297,22.2108,3775001,
002826.SZ,易明医药,2017-09-21,22.0603,22.0704,21.569,21.579,3147966,
002826.SZ,易明医药,2017-09-22,21.3183,21.8999,21.1077,21.6492,2407469,
002826.SZ,易明医药,2017-09-25,21.569,21.7395,21.0676,21.0977,1921103,
002826.SZ,易明医药,2017-09-26,21.1178,21.5489,20.7668,21.0175,1898549,
002826.SZ,易明医药,2017-09-27,20.9874,21.4186,20.7869,21.3083,1678272,
002826.SZ,易明医药,2017-09-28,21.198,21.4286,21.1178,21.1378,1470977,
002826.SZ,易明医药,2017-09-29,21.1378,21.5289,21.1278,21.2882,1383148,
002826.SZ,易明医药,2017-10-09,21.6592,21.7796,21.3584,21.6592,1655311,
002826.SZ,易明医药,2017-10-10,21.6592,22.6018,21.6592,22.3612,4646137,
002826.SZ,易明医药,2017-10-11,22.3612,23.0029,21.8999,21.92,4157806,
002826.SZ,易明医药,2017-10-12,21.8698,22.0503,21.1779,21.4386,2288336,
002826.SZ,易明医药,2017-10-13,21.4186,23.2636,21.2782,22.5116,5381104,
002826.SZ,易明医药,2017-10-16,22.4013,22.5216,21.7595,21.9902,3460263,
002826.SZ,易明医药,2017-10-17,21.95,21.9801,21.5189,21.7194,1733746,
002826.SZ,易明医药,2017-10-18,21.7294,22.2709,21.559,21.5891,1732088,
002826.SZ,易明医药,2017-10-19,21.3685,21.5088,20.5261,20.6465,2332394,
002826.SZ,易明医药,2017-10-20,20.5663,20.7869,20.5562,20.7267,938952,
002826.SZ,易明医药,2017-10-23,20.7367,21.3083,20.7367,20.9874,1148961,
002826.SZ,易明医药,2017-10-24,20.8571,20.9974,20.3557,20.5462,1179600,
002826.SZ,易明医药,2017-10-25,20.5362,20.9473,20.5161,20.9373,1033500,
002826.SZ,易明医药,2017-10-26,20.9373,21.1478,20.5663,20.9974,979381,
002826.SZ,易明医药,2017-10-27,20.9774,21.3584,20.7568,21.3584,1840581,
002826.SZ,易明医药,2017-10-30,21.4587,21.6191,20.5161,20.5763,2001900,
002826.SZ,易明医药,2017-10-31,20.3757,20.5562,19.7741,20.1952,1756821,
002826.SZ,易明医药,2017-11-01,20.2053,20.2955,20.0047,20.1351,793858,
002826.SZ,易明医药,2017-11-02,20.0649,20.1652,19.6137,19.7039,1080600,
002826.SZ,易明医药,2017-11-03,19.754,19.8643,19.1223,19.2727,1137500,
002826.SZ,易明医药,2017-11-06,19.4632,19.8042,19.2827,19.734,733917,
002826.SZ,易明医药,2017-11-07,19.8443,19.8543,19.373,19.8042,941760,
002826.SZ,易明医药,2017-11-08,19.734,19.9847,19.6638,19.7641,895632,
002826.SZ,易明医药,2017-11-09,19.8242,19.8242,19.6137,19.724,703272,
002826.SZ,易明医药,2017-11-10,19.6638,20.2755,19.6638,20.0248,1233032,
002826.SZ,易明医药,2017-11-13,19.9546,20.3757,19.8543,20.095,937229,
002826.SZ,易明医药,2017-11-14,20.095,20.105,19.5635,19.5836,1065474,
002826.SZ,易明医药,2017-11-15,19.5836,19.5836,19.1825,19.2326,806612,
002826.SZ,易明医药,2017-11-16,19.0321,19.3529,18.9318,18.9518,766674,
002826.SZ,易明医药,2017-11-17,18.9619,18.9619,17.4076,17.5781,1817986,
002826.SZ,易明医药,2017-11-20,17.6282,17.6382,17.1469,17.4979,824217,
002826.SZ,易明医药,2017-11-21,17.5981,17.5981,17.3174,17.538,684700,
002826.SZ,易明医药,2017-11-22,17.4076,18.0293,17.4076,17.8689,735900,
002826.SZ,易明医药,2017-11-23,18.6811,19.5535,18.6811,18.7312,5274296,
002826.SZ,易明医药,2017-11-24,18.8516,18.8616,17.0466,17.9591,2435286,
002826.SZ,易明医药,2017-11-27,17.2271,17.7285,17.2271,17.2472,1605357,
002826.SZ,易明医药,2017-11-28,17.3976,17.3976,16.445,17.0266,1916181,
002826.SZ,易明医药,2017-11-29,16.7959,16.9062,16.5252,16.7859,951583,
002826.SZ,易明医药,2017-11-30,16.7859,16.7959,16.5453,16.5954,841157,
002826.SZ,易明医药,2017-12-01,16.6255,16.6856,16.445,16.6756,698000,
002826.SZ,易明医药,2017-12-04,16.6856,16.7157,16.1141,16.1642,754100,
002826.SZ,易明医药,2017-12-05,15.9536,15.9637,14.64,14.9208,2011700,
002826.SZ,易明医药,2017-12-06,14.971,15.0411,14.259,15.0411,1203264,
002826.SZ,易明医药,2017-12-07,15.0411,15.0813,14.7503,14.8105,632657,
002826.SZ,易明医药,2017-12-08,14.5598,15.0913,14.5598,14.9409,800034,
002826.SZ,易明医药,2017-12-11,15.0311,15.5425,14.991,15.3821,1036284,
002826.SZ,易明医药,2017-12-12,15.4222,15.4222,14.9509,15.1314,724474,
002826.SZ,易明医药,2017-12-13,15.1715,15.2116,15.0813,15.1715,664874,
002826.SZ,易明医药,2017-12-14,15.1715,15.1916,14.9509,15.0411,520200,
002826.SZ,易明医药,2017-12-15,15.0411,15.342,14.9308,15.2116,795481,
002826.SZ,易明医药,2017-12-18,15.1916,15.2417,14.9308,14.9308,483700,
002826.SZ,易明医药,2017-12-19,14.981,15.1715,14.8907,15.0813,563869,
002826.SZ,易明医药,2017-12-20,15.1214,15.1214,14.2891,14.4395,1244231,
002826.SZ,易明医药,2017-12-21,14.4395,14.4796,13.9983,14.3292,892174,
002826.SZ,易明医药,2017-12-22,14.3392,14.4596,14.0384,14.2089,692948,
002826.SZ,易明医药,2017-12-25,14.0585,15.0311,13.8078,14.5999,1478546,
002826.SZ,易明医药,2017-12-26,14.4194,15.4824,14.3292,15.1916,2255299,
002826.SZ,易明医药,2017-12-27,15.0712,15.1815,14.8406,14.9509,1306248,
002826.SZ,易明医药,2017-12-28,14.7905,15.0411,14.7303,14.7604,994065,
002826.SZ,易明医药,2017-12-29,14.8406,14.9208,14.7303,14.9008,628232,
002826.SZ,易明医药,2018-01-02,14.9008,14.9308,14.7403,14.9208,639674,
002826.SZ,易明医药,2018-01-03,15.0111,15.0311,14.8205,14.991,998081,
002826.SZ,易明医药,2018-01-04,14.9409,15.0913,14.9008,14.981,848081,
002826.SZ,易明医药,2018-01-05,14.9509,15.1214,14.8406,15.1214,1298628,
002826.SZ,易明医药,2018-01-08,15.0111,15.1013,14.971,15.0311,1030801,
002826.SZ,易明医药,2018-01-09,15.0111,16.5352,14.971,16.5352,5052128,
002826.SZ,易明医药,2018-01-10,17.0065,18.1898,16.8862,18.1898,7959943,
002826.SZ,易明医药,2018-01-11,18.9418,20.0047,18.9218,20.0047,13842480,
002826.SZ,易明医药,2018-01-12,19.8343,21.9099,19.0521,20.9072,15258184,
002826.SZ,易明医药,2018-01-15,20.6565,22.7823,20.1551,21.95,16687941,
002826.SZ,易明医药,2018-01-16,19.9546,23.5745,19.9546,22.2509,17012266,
002826.SZ,易明医药,2018-01-17,21.7294,21.8097,20.0248,20.0248,10529987,
002826.SZ,易明医药,2018-01-18,20.0749,20.7568,19.5034,19.9446,9541929,
002826.SZ,易明医药,2018-01-19,20.3055,20.7468,19.6538,19.8643,10213244,
002826.SZ,易明医药,2018-01-22,18.9518,19.1724,17.8789,17.8789,7835421,
002826.SZ,易明医药,2018-01-23,18.1496,18.2399,17.5981,18.0494,5863387,
002826.SZ,易明医药,2018-01-24,18.2299,18.5909,17.8889,18.1396,6652500,
002826.SZ,易明医药,2018-01-25,17.929,18.6911,17.7285,18.4204,6828693,
002826.SZ,易明医药,2018-01-26,18.0494,18.4204,17.2572,17.5681,5517744,
002826.SZ,易明医药,2018-01-29,17.9491,18.2198,17.558,18.1196,4949474,
002826.SZ,易明医药,2018-01-30,18.1396,18.6711,17.7486,17.9391,6968730,
002826.SZ,易明医药,2018-01-31,17.5781,17.6382,16.1442,16.1442,6660320,
002826.SZ,易明医药,2018-02-01,16.1542,16.4149,15.0411,15.5425,4030243,
002826.SZ,易明医药,2018-02-02,15.3921,15.4322,14.5398,15.1113,2777408,
002826.SZ,易明医药,2018-02-05,14.7503,15.4422,14.7503,15.3019,2256800,
002826.SZ,易明医药,2018-02-06,14.8907,15.1214,13.7977,13.8579,2737848,
002826.SZ,易明医药,2018-02-07,14.1688,14.4395,13.1961,13.898,3091974,
002826.SZ,易明医药,2018-02-08,13.908,15.2918,13.7075,15.0111,5224948,
002826.SZ,易明医药,2018-02-09,15.9637,15.9637,14.239,14.4896,4698018,
002826.SZ,易明医药,2018-02-12,14.8406,15.0211,14.3793,14.7503,2649874,
002826.SZ,易明医药,2018-02-13,14.8406,15.0311,14.5899,14.62,2085500,
002826.SZ,易明医药,2018-02-14,14.62,14.6701,14.1587,14.1788,1517174,
002826.SZ,易明医药,2018-02-22,14.1988,14.7303,14.1988,14.5699,1678508,
002826.SZ,易明医药,2018-02-23,14.5699,15.2317,14.5197,14.9409,2431008,
002826.SZ,易明医药,2018-02-26,14.9108,16.435,14.8406,16.435,4315054,
002826.SZ,易明医药,2018-02-27,16.435,17.5179,16.3648,16.5352,6920230,
002826.SZ,易明医药,2018-02-28,16.1241,16.4249,15.6929,16.3447,3947651,
002826.SZ,易明医药,2018-03-01,15.9236,17.0466,15.8935,16.6656,4719443,
002826.SZ,易明医药,2018-03-02,16.3347,16.7458,16.084,16.2244,2935801,
002826.SZ,易明医药,2018-03-05,16.3046,17.2171,16.0339,16.9363,4044875,
002826.SZ,易明医药,2018-03-06,16.826,17.197,16.6556,16.7959,3808506,
002826.SZ,易明医药,2018-03-07,16.7157,17.2572,16.5954,16.9363,3658875,
002826.SZ,易明医药,2018-03-08,16.8661,17.919,16.7458,17.4076,5735603,
002826.SZ,易明医药,2018-03-09,17.1469,18.0494,16.9464,17.8087,6588528,
002826.SZ,易明医药,2018-03-12,17.558,18.0494,17.4678,17.8488,5252846,
002826.SZ,易明医药,2018-03-13,17.8488,17.8488,17.0466,17.1469,3457005,
002826.SZ,易明医药,2018-03-14,17.0466,17.3475,16.5352,16.5954,3210113,
002826.SZ,易明医药,2018-03-15,16.5252,16.826,16.2444,16.6957,2420904,
002826.SZ,易明医药,2018-03-16,16.6856,16.8862,16.5553,16.6556,1743700,
002826.SZ,易明医药,2018-03-19,16.445,16.9464,16.3948,16.9464,1989564,
002826.SZ,易明医药,2018-03-20,16.7558,18.641,16.6455,18.641,10084445,
002826.SZ,易明医药,2018-03-21,20.0849,20.0849,18.3201,18.5006,15294405,
002826.SZ,易明医药,2018-03-22,18.1496,19.0521,17.8589,18.7613,9001727,
002826.SZ,易明医药,2018-03-23,17.6483,18.5307,16.9263,16.9363,7842707,
002826.SZ,易明医药,2018-03-26,15.5927,17.7486,15.5927,17.2672,5646615,
002826.SZ,易明医药,2018-03-27,17.5079,18.5106,17.0767,17.7686,7343741,
002826.SZ,易明医药,2018-03-28,17.7285,18.8315,17.4477,18.3301,7927384,
002826.SZ,易明医药,2018-03-29,18.0093,18.7413,17.8589,18.1697,6014603,
002826.SZ,易明医药,2018-03-30,18.3301,19.4432,18.1095,18.8315,8251141,
002826.SZ,易明医药,2018-04-02,18.7312,19.0421,18.5207,18.651,5130248,
002826.SZ,易明医药,2018-04-03,18.0795,19.2527,18.0694,18.9719,6528574,
002826.SZ,易明医药,2018-04-04,19.2025,19.8844,18.8516,19.4031,8116482,
002826.SZ,易明医药,2018-04-09,19.1223,19.2928,18.3502,18.9418,4934717,
002826.SZ,易明医药,2018-04-10,17.9491,19.0521,17.6483,18.651,7419447,
002826.SZ,易明医药,2018-04-11,18.4104,18.5708,18.1095,18.2299,3774758,
002826.SZ,易明医药,2018-04-12,18.1597,18.6109,18.1396,18.28,2894213,
002826.SZ,易明医药,2018-04-13,18.3502,18.5608,17.8488,17.8689,3006787,
002826.SZ,易明医药,2018-04-16,18.0494,18.0494,17.0366,17.1569,2991170,
002826.SZ,易明医药,2018-04-17,17.0567,17.4778,15.6428,16.1241,3840143,
002826.SZ,易明医药,2018-04-18,16.2244,16.5854,15.3921,16.3046,3077043,
002826.SZ,易明医药,2018-04-19,16.1943,16.5152,15.9536,16.2645,2627334,
002826.SZ,易明医药,2018-04-20,16.1442,16.3247,15.7431,15.8032,1770330,
002826.SZ,易明医药,2018-04-23,15.6227,16.0138,15.1916,15.6929,1355096,
002826.SZ,易明医药,2018-04-24,15.7531,16.4851,15.723,16.3247,1988228,
002826.SZ,易明医药,2018-04-25,16.1943,16.6255,15.9737,16.4951,2689200,
002826.SZ,易明医药,2018-04-26,16.445,16.5954,15.7731,15.8233,1858604,
002826.SZ,易明医药,2018-04-27,15.8433,16.4249,15.8032,16.1542,1578583,
002826.SZ,易明医药,2018-05-02,16.1542,16.7157,16.1341,16.6355,2709204,
002826.SZ,易明医药,2018-05-03,16.6556,16.6856,15.8634,16.5352,2136331,
002826.SZ,易明医药,2018-05-04,16.4249,16.5252,16.2244,16.2946,1547500,
002826.SZ,易明医药,2018-05-07,16.2946,16.6455,16.2745,16.4951,1966200,
002826.SZ,易明医药,2018-05-08,16.5051,18.1496,16.5051,18.1496,3764412,
002826.SZ,易明医药,2018-05-09,18.9518,19.8744,17.9491,18.5006,14510496,
002826.SZ,易明医药,2018-05-10,17.7887,18.3402,17.7887,17.8889,6812040,
002826.SZ,易明医药,2018-05-11,17.8488,18.8716,17.4778,18.1496,6901819,
002826.SZ,易明医药,2018-05-14,17.5781,17.919,17.3876,17.899,4012556,
002826.SZ,易明医药,2018-05-15,17.6483,18.5307,17.6483,18.3101,4203568,
002826.SZ,易明医药,2018-05-16,18.0494,18.651,17.8689,18.1296,5403376,
002826.SZ,易明医药,2018-05-17,17.9491,18.3001,17.7786,17.9992,3263232,
002826.SZ,易明医药,2018-05-18,17.7887,17.929,17.3575,17.6483,3206096,
002826.SZ,易明医药,2018-05-21,17.7185,18.0293,17.6483,17.8589,2649136,
002826.SZ,易明医药,2018-05-22,17.7385,18.6209,17.7084,18.4304,6346576,
002826.SZ,易明医药,2018-05-23,18.5507,18.641,17.8589,17.8889,3883026,
002826.SZ,易明医药,2018-05-24,17.7285,18.3502,17.6984,18.2299,2977502,
002826.SZ,易明医药,2018-05-25,18.2499,20.0549,18.1196,20.0549,10210451,
002826.SZ,易明医药,2018-05-28,20.8192,22.0563,19.5117,22.0563,17737010,
002826.SZ,易明医药,2018-05-29,21.9256,23.6354,20.5577,20.7287,24973941,
002826.SZ,易明医药,2018-05-30,18.7675,19.3609,18.6568,18.6568,12675887,
002826.SZ,易明医药,2018-05-31,18.4054,19.6123,18.0132,19.3307,10974468,
002826.SZ,易明医药,2018-06-01,18.2143,18.5965,17.3996,17.7114,9236836,
002826.SZ,易明医药,2018-06-04,17.7114,17.8925,16.9068,16.9973,5553400,
002826.SZ,易明医药,2018-06-05,17.0577,17.5907,17.0275,17.5103,4550864,
002826.SZ,易明医药,2018-06-06,17.3795,18.4758,17.1985,18.3451,7358127,
002826.SZ,易明医药,2018-06-07,18.2043,18.2043,17.7215,17.8221,4391651,
002826.SZ,易明医药,2018-06-08,17.9729,18.3451,17.7718,18.1037,3913774,
002826.SZ,易明医药,2018-06-11,18.1037,18.1037,17.2588,17.4399,3450100,
002826.SZ,易明医药,2018-06-12,17.4399,18.2143,17.108,18.0232,4023865,
002826.SZ,易明医药,2018-06-13,17.802,18.0836,17.3494,17.4298,3373575,
002826.SZ,易明医药,2018-06-14,17.0979,17.641,17.0074,17.279,2402200,
002826.SZ,易明医药,2018-06-15,17.3996,17.4499,15.8307,16.1022,3743038,
002826.SZ,易明医药,2018-06-19,16.0922,16.0922,14.493,14.5131,3562900,
002826.SZ,易明医药,2018-06-20,14.6841,15.2071,14.5232,15.0462,2924800,
002826.SZ,易明医药,2018-06-21,14.9858,15.5692,14.9054,15.0361,3006985,
002826.SZ,易明医药,2018-06-22,14.9456,15.4384,14.9154,15.3378,2196937,
002826.SZ,易明医药,2018-06-25,15.3881,15.891,15.358,15.358,2163185,
002826.SZ,易明医药,2018-06-26,15.1166,15.6195,14.9657,15.5893,1853861,
002826.SZ,易明医药,2018-06-27,15.2473,15.5993,15.1367,15.2171,2125600,
002826.SZ,易明医药,2018-06-28,15.2171,15.3781,14.8048,14.8048,1629600,
002826.SZ,易明医药,2018-06-29,14.9054,16.2833,14.9054,16.2833,3195781,
002826.SZ,易明医药,2018-07-02,16.3738,16.9973,15.9916,16.1123,6219081,
002826.SZ,易明医药,2018-07-03,15.9815,16.585,15.8307,16.5146,3690300,
002826.SZ,易明医药,2018-07-04,16.1927,17.4097,15.8709,16.7358,4661500,
002826.SZ,易明医药,2018-07-05,16.4039,16.7761,15.9715,15.9715,2782981,
002826.SZ,易明医药,2018-07-06,16.0016,16.5347,15.9111,16.4743,3180474,
002826.SZ,易明医药,2018-07-09,17.0879,17.5505,16.6252,16.766,4654674,
002826.SZ,易明医药,2018-07-10,16.585,17.6109,16.5749,17.4298,5924881,
002826.SZ,易明医药,2018-07-11,16.9772,16.9873,16.1424,16.8062,4553400,
002826.SZ,易明医药,2018-07-12,16.7258,17.1583,16.6856,17.0778,3671781,
002826.SZ,易明医药,2018-07-13,16.9471,17.6008,16.7157,17.0778,4374112,
002826.SZ,易明医药,2018-07-16,16.6856,16.9672,16.3939,16.6152,2660374,
002826.SZ,易明医药,2018-07-17,16.9068,16.9772,16.5448,16.756,1737764,
002826.SZ,易明医药,2018-07-18,16.7761,17.0677,16.5749,16.6654,2220264,
002826.SZ,易明医药,2018-07-19,16.6856,16.6956,15.891,16.072,2551400,
002826.SZ,易明医药,2018-07-20,15.9916,16.3738,15.9916,16.2631,1572800,
002826.SZ,易明医药,2018-07-23,15.8709,15.8709,14.9154,15.3378,3684200,
002826.SZ,易明医药,2018-07-24,15.1467,15.6798,15.1467,15.6798,2314474,
002826.SZ,易明医药,2018-07-25,15.6697,15.8709,15.6396,15.71,1682200,
002826.SZ,易明医药,2018-07-26,15.7502,15.7703,15.4082,15.6697,1512374,
002826.SZ,易明医药,2018-07-27,15.4686,15.4786,15.197,15.2876,1695774,
002826.SZ,易明医药,2018-07-30,15.2473,15.2473,14.6036,14.7444,2170074,
002826.SZ,易明医药,2018-07-31,14.5634,15.0261,14.5433,14.7947,906155,
002826.SZ,易明医药,2018-08-01,14.845,14.9456,14.4628,14.493,1110500,
002826.SZ,易明医药,2018-08-02,14.4829,15.2171,13.4269,14.7545,2711966,
002826.SZ,易明医药,2018-08-03,14.5735,14.5835,14.0505,14.0806,1286900,
002826.SZ,易明医药,2018-08-06,14.0806,14.151,13.4772,13.5576,1230300,
002826.SZ,易明医药,2018-08-07,13.4973,13.8996,13.4973,13.8895,920400,
002826.SZ,易明医药,2018-08-08,13.8895,14.0706,13.6985,13.799,956600,
002826.SZ,易明医药,2018-08-09,13.6079,14.1611,13.5778,14.0102,1313100,
002826.SZ,易明医药,2018-08-10,13.9298,15.0562,13.8795,14.5433,2363585,
002826.SZ,易明医药,2018-08-13,14.312,14.5936,14.2315,14.5232,1313385,
002826.SZ,易明医药,2018-08-14,14.3623,14.7545,14.3623,14.5332,1055500,
002826.SZ,易明医药,2018-08-15,14.5835,14.6036,14.1108,14.1108,1071300,
002826.SZ,易明医药,2018-08-16,13.8594,14.141,13.7387,13.9901,836781,
002826.SZ,易明医药,2018-08-17,14.0907,14.2516,13.6582,13.6985,828701,
002826.SZ,易明医药,2018-08-20,13.8694,13.8795,13.2056,13.8795,734600,
002826.SZ,易明医药,2018-08-21,13.8795,14.4528,13.8292,14.1309,1126008,
002826.SZ,易明医药,2018-08-22,13.97,14.1611,13.8594,13.8795,779700,
002826.SZ,易明医药,2018-08-23,13.9599,14.1309,13.8694,14.0102,868281,
002826.SZ,易明医药,2018-08-24,14.0102,14.3421,13.9599,14.2416,1248500,
002826.SZ,易明医药,2018-08-27,14.2416,14.4729,14.2114,14.3824,1397274,
002826.SZ,易明医药,2018-08-28,14.3824,14.4528,14.1812,14.2617,920900,
002826.SZ,易明医药,2018-08-29,14.312,14.312,14.1209,14.1812,586500,
002826.SZ,易明医药,2018-08-30,14.1108,14.2315,13.6783,13.7487,945500,
002826.SZ,易明医药,2018-08-31,13.628,13.8694,13.618,13.7689,688500,
002826.SZ,易明医药,2018-09-03,13.7286,13.9197,13.4872,13.9197,792010,
002826.SZ,易明医药,2018-09-04,13.7588,14.1812,13.7588,14.1209,972874,
002826.SZ,易明医药,2018-09-05,14.0806,14.1712,13.7789,13.8091,739450,
002826.SZ,易明医药,2018-09-06,13.8292,13.9499,13.5878,13.6079,736750,
002826.SZ,易明医药,2018-09-07,13.6079,13.8091,13.4872,13.6079,760000,
002826.SZ,易明医药,2018-09-10,13.6079,14.4327,13.5878,13.7789,1489400,
002826.SZ,易明医药,2018-09-11,13.7789,13.8996,13.5275,13.8694,935074,
002826.SZ,易明医药,2018-09-12,13.7689,13.8694,13.5979,13.8191,550600,
002826.SZ,易明医药,2018-09-13,13.8493,13.9801,13.6582,13.8292,704250,
002826.SZ,易明医药,2018-09-14,13.9499,14.2013,13.8191,13.9298,1637250,
002826.SZ,易明医药,2018-09-17,13.8594,13.8795,13.5778,13.6582,759624,
002826.SZ,易明医药,2018-09-18,13.5074,13.8292,13.5074,13.7588,688624,
002826.SZ,易明医药,2018-09-19,13.6582,14.0102,13.6079,13.8594,971200,
002826.SZ,易明医药,2018-09-20,13.789,13.8895,13.6683,13.6985,808300,
002826.SZ,易明医药,2018-09-21,13.618,13.8292,13.5979,13.8191,648101,
002826.SZ,易明医药,2018-09-25,13.7588,13.8091,13.6079,13.6582,894000,
002826.SZ,易明医药,2018-09-26,13.6582,13.7085,13.447,13.5174,1531700,
002826.SZ,易明医药,2018-09-27,13.4671,13.6683,13.3967,13.4571,1071542,
002826.SZ,易明医药,2018-09-28,13.4571,13.5174,13.3263,13.4772,645394,
002826.SZ,易明医药,2018-10-08,13.276,13.3766,12.3306,12.391,1271900,
002826.SZ,易明医药,2018-10-09,12.391,12.6424,12.2502,12.4111,577974,
002826.SZ,易明医药,2018-10-10,12.4211,12.5519,12.2703,12.4513,527000,
002826.SZ,易明医药,2018-10-11,12.0892,12.0993,11.2042,11.2042,1629530,
002826.SZ,易明医药,2018-10-12,11.0634,11.174,10.1481,10.7616,1821516,
002826.SZ,易明医药,2018-10-15,10.7918,10.9427,10.5102,10.5303,908542,
002826.SZ,易明医药,2018-10-16,10.3996,10.8723,10.3493,10.3493,806734,
002826.SZ,易明医药,2018-10-17,10.4599,10.6711,10.2588,10.5907,824400,
002826.SZ,易明医药,2018-10-18,10.5907,10.5907,10.0978,10.0978,1094800,
002826.SZ,易明医药,2018-10-19,10.128,10.4901,9.8263,10.4498,1222800,
002826.SZ,易明医药,2018-10-22,10.5404,11.0533,10.5202,10.9427,1815900,
002826.SZ,易明医药,2018-10-23,11.6869,12.0389,11.2746,11.355,4626481,
002826.SZ,易明医药,2018-10-24,10.993,11.1639,10.7717,11.0332,2923130,
002826.SZ,易明医药,2018-10-25,10.6711,10.6711,10.3694,10.6611,1921601,
002826.SZ,易明医药,2018-10-26,10.651,10.8924,10.6409,10.6912,1129042,
002826.SZ,易明医药,2018-10-29,10.6812,10.7113,10.4599,10.5001,766400,
002826.SZ,易明医药,2018-10-30,10.5404,10.7013,10.2789,10.5705,761400,
002826.SZ,易明医药,2018-10-31,10.6108,10.8723,10.5605,10.7415,1347830,
002826.SZ,易明医药,2018-11-01,10.8522,10.9728,10.7214,10.7616,1568400,
002826.SZ,易明医药,2018-11-02,10.8823,11.1338,10.8119,11.0533,1972674,
002826.SZ,易明医药,2018-11-05,11.0131,11.3148,10.9427,11.2142,1817300,
002826.SZ,易明医药,2018-11-06,11.0835,11.3047,10.9829,11.2243,1537900,
002826.SZ,易明医药,2018-11-07,11.2645,11.2645,11.0131,11.0634,1121674,
002826.SZ,易明医药,2018-11-08,11.0935,11.2343,10.9527,10.9628,1017700,
002826.SZ,易明医药,2018-11-09,11.0634,11.1539,10.9125,11.0332,896900,
002826.SZ,易明医药,2018-11-12,10.9427,11.2846,10.7918,11.2545,1618859,
002826.SZ,易明医药,2018-11-13,11.1639,11.5763,11.0935,11.4757,2304221,
002826.SZ,易明医药,2018-11-14,11.2746,11.5864,11.2545,11.4858,2286560,
002826.SZ,易明医药,2018-11-15,11.4455,11.7272,11.2846,11.7272,2576344,
002826.SZ,易明医药,2018-11-16,11.7272,11.7674,11.5059,11.5763,1963789,
002826.SZ,易明医药,2018-11-19,11.5864,11.7272,11.4858,11.5461,1459777,
002826.SZ,易明医药,2018-11-20,11.5059,11.7674,11.174,11.2545,1926300,
002826.SZ,易明医药,2018-11-21,11.0634,11.6467,11.003,11.6065,1869466,
002826.SZ,易明医药,2018-11-22,11.6266,11.7573,11.4556,11.6668,1586066,
002826.SZ,易明医药,2018-11-23,11.7473,11.7573,10.6812,10.7214,2124900,
002826.SZ,易明医药,2018-11-26,10.7315,11.0432,10.6711,10.7415,1201144,
002826.SZ,易明医药,2018-11-27,10.7817,10.8823,10.47,10.6208,1333315,
002826.SZ,易明医药,2018-11-28,10.6309,10.7214,10.1079,10.7013,1145189,
002826.SZ,易明医药,2018-11-29,10.7516,10.9427,10.5605,10.5806,1323889,
002826.SZ,易明医药,2018-11-30,10.3996,10.7918,10.1179,10.6108,926835,
002826.SZ,易明医药,2018-12-03,11.4556,11.6769,10.8421,11.6769,4959487,
002826.SZ,易明医药,2018-12-04,12.2502,12.8436,12.0993,12.8436,5806094,
002826.SZ,易明医药,2018-12-05,12.8436,13.7588,12.1697,12.22,12827273,
002826.SZ,易明医药,2018-12-06,11.7171,12.0591,11.3751,11.4053,7393769,
002826.SZ,易明医药,2018-12-07,10.9728,11.0634,10.6409,10.7315,5771469,
002826.SZ,易明医药,2018-12-10,10.4197,10.6711,10.4197,10.5404,2229520,
002826.SZ,易明医药,2018-12-11,10.5806,10.6409,10.5504,10.6007,1494200,
002826.SZ,易明医药,2018-12-12,10.5907,10.9226,10.5907,10.832,2402293,
002826.SZ,易明医药,2018-12-13,10.7817,10.8823,10.6108,10.7817,1873630,
002826.SZ,易明医药,2018-12-14,10.6812,10.7918,10.2588,10.4197,1662800,
002826.SZ,易明医药,2018-12-17,10.4297,10.5504,10.309,10.3895,1208904,
002826.SZ,易明医药,2018-12-18,10.47,10.47,10.2386,10.4599,995600,
002826.SZ,易明医药,2018-12-19,10.4096,10.5001,10.2588,10.2789,1089614,
002826.SZ,易明医药,2018-12-20,10.2789,10.5001,10.2185,10.4297,1227414,
002826.SZ,易明医药,2018-12-21,10.4096,10.4197,10.2588,10.3996,956800,
002826.SZ,易明医药,2018-12-24,10.3392,11.1639,10.3392,10.8622,2777388,
002826.SZ,易明医药,2018-12-25,10.5605,10.7214,10.3996,10.6812,1909917,
002826.SZ,易明医药,2018-12-26,10.6711,10.832,10.6007,10.6309,1366343,
002826.SZ,易明医药,2018-12-27,10.8119,10.8119,10.3292,10.3392,1218500,
002826.SZ,易明医药,2018-12-28,10.2889,10.4498,10.2588,10.2789,841474,
002826.SZ,易明医药,2019-01-02,10.3392,10.3593,10.0978,10.128,1108700,
002826.SZ,易明医药,2019-01-03,10.1179,10.2588,10.1179,10.1381,845400,
002826.SZ,易明医药,2019-01-04,9.957,10.3392,9.8564,10.2487,1504449,
002826.SZ,易明医药,2019-01-07,10.2789,10.47,10.2185,10.4197,1575900,
002826.SZ,易明医药,2019-01-08,10.3593,10.4297,10.309,10.3593,865223,
002826.SZ,易明医药,2019-01-09,10.299,10.6208,10.299,10.4498,1448000,
002826.SZ,易明医药,2019-01-10,10.4599,10.4599,10.2889,10.3191,977180,
002826.SZ,易明医药,2019-01-11,10.3191,10.3996,10.1682,10.3493,909831,
002826.SZ,易明医药,2019-01-14,10.3493,10.4197,10.2588,10.2688,860161,
002826.SZ,易明医药,2019-01-15,10.2588,10.3996,10.1582,10.3794,1220031,
002826.SZ,易明医药,2019-01-16,10.3794,10.5806,10.3392,10.5001,2238880,
002826.SZ,易明医药,2019-01-17,10.5001,10.5907,10.2085,10.2588,1437879,
002826.SZ,易明医药,2019-01-18,10.309,10.3996,10.1179,10.3392,1426231,
002826.SZ,易明医药,2019-01-21,10.3493,10.4197,10.2588,10.3895,902701,
002826.SZ,易明医药,2019-01-22,10.3895,10.4599,10.1582,10.2487,1048900,
002826.SZ,易明医药,2019-01-23,10.1783,10.2688,10.1783,10.2588,520200,
002826.SZ,易明医药,2019-01-24,10.3593,10.4398,10.2386,10.3191,1285900,
002826.SZ,易明医药,2019-01-25,10.2286,10.3895,10.1984,10.1984,861849,
002826.SZ,易明医药,2019-01-28,10.5001,10.5001,10.1682,10.2185,1261900,
002826.SZ,易明医药,2019-01-29,10.0375,10.0375,9.5547,9.7458,1506499,
002826.SZ,易明医药,2019-01-30,9.8564,9.8564,9.5748,9.5849,584700,
002826.SZ,易明医药,2019-01-31,9.4541,9.6553,9.1725,9.2027,849600,
002826.SZ,易明医药,2019-02-01,9.2329,9.5547,9.2027,9.5145,794907,
002826.SZ,易明医药,2019-02-11,9.5547,9.776,9.5547,9.7559,607481,
002826.SZ,易明医药,2019-02-12,9.776,10.7315,9.776,10.7315,1715216,
002826.SZ,易明医药,2019-02-13,10.9728,10.9728,10.48,10.6409,4774799,
002826.SZ,易明医药,2019-02-14,10.5404,10.5907,10.3191,10.5202,2673061,
002826.SZ,易明医药,2019-02-15,10.4599,11.3249,10.3593,10.6611,4340638,
002826.SZ,易明医药,2019-02-18,10.5705,10.993,10.5705,10.9326,3541813,
002826.SZ,易明医药,2019-02-19,10.8421,10.9226,10.6208,10.822,2839500,
002826.SZ,易明医药,2019-02-20,10.8622,10.9024,10.6912,10.8622,2432941,
002826.SZ,易明医药,2019-02-21,10.8119,10.9829,10.6711,10.6912,2822718,
002826.SZ,易明医药,2019-02-22,10.6409,10.993,10.5705,10.9125,2267567,
002826.SZ,易明医药,2019-02-25,10.9628,11.355,10.9226,11.345,4298249,
002826.SZ,易明医药,2019-02-26,11.345,11.9484,11.1639,11.3047,5272879,
002826.SZ,易明医药,2019-02-27,11.1237,11.4355,11.1036,11.2545,2959815,
002826.SZ,易明医药,2019-02-28,11.2142,11.6467,11.1338,11.5864,3454680,
002826.SZ,易明医药,2019-03-01,11.6165,11.7272,11.2746,11.4958,2072415,
002826.SZ,易明医药,2019-03-04,11.4958,11.8076,11.4858,11.5562,3553674,
002826.SZ,易明医药,2019-03-05,11.5662,11.7875,11.4657,11.7674,3247850,
002826.SZ,易明医药,2019-03-06,11.7774,12.3206,11.7573,12.1798,4807326,
002826.SZ,易明医药,2019-03-07,12.1798,12.6726,11.9384,12.4513,5283157,
002826.SZ,易明医药,2019-03-08,12.1496,12.3004,11.4455,11.4455,4008267,
002826.SZ,易明医药,2019-03-11,11.516,11.9685,11.516,11.9384,2588802,
002826.SZ,易明医药,2019-03-12,12.0389,12.2502,11.9082,12.0993,3747456,
002826.SZ,易明医药,2019-03-13,12.1094,12.3206,11.8981,11.9786,3562886,
002826.SZ,易明医药,2019-03-14,11.9685,12.0591,11.3651,11.5763,2635061,
002826.SZ,易明医药,2019-03-15,11.6668,12.0792,11.6467,12.049,2610935,
002826.SZ,易明医药,2019-03-18,12.049,13.2559,11.8881,12.7732,6881824,
002826.SZ,易明医药,2019-03-19,12.8335,12.8335,12.3004,12.4915,5326486,
002826.SZ,易明医药,2019-03-20,12.3608,12.7732,12.2502,12.6022,4509567,
002826.SZ,易明医药,2019-03-21,12.4915,12.753,12.4513,12.6122,3967622,
002826.SZ,易明医药,2019-03-22,12.5016,12.572,12.1798,12.4513,2659042,
002826.SZ,易明医药,2019-03-25,12.2602,13.0447,12.1295,12.4614,3362100,
002826.SZ,易明医药,2019-03-26,12.4312,12.6525,11.878,11.9082,2950200,
002826.SZ,易明医药,2019-03-27,11.9082,12.2602,11.9082,12.1898,2348422,
002826.SZ,易明医药,2019-03-28,12.2502,12.2502,11.878,11.9484,2015500,
002826.SZ,易明医药,2019-03-29,11.9685,12.1194,11.6668,12.0892,3080044,
002826.SZ,易明医药,2019-04-01,12.0691,12.6726,12.0188,12.5921,4733744,
002826.SZ,易明医药,2019-04-02,13.0447,13.4772,12.572,12.6726,6314481,
002826.SZ,易明医药,2019-04-03,12.5619,13.0648,12.401,12.7329,4498100,
002826.SZ,易明医药,2019-04-04,12.6826,12.914,12.5619,12.7933,3704274,
002826.SZ,易明医药,2019-04-08,12.7933,12.8436,12.391,12.5016,3298000,
002826.SZ,易明医药,2019-04-09,12.5117,12.8234,12.4312,12.7732,3335736,
002826.SZ,易明医药,2019-04-10,12.8033,13.2961,12.6927,13.1151,7131874,
002826.SZ,易明医药,2019-04-11,13.1252,13.1755,12.4614,12.4915,5310600,
002826.SZ,易明医药,2019-04-12,12.4211,12.4413,12.1295,12.2803,3358200,
002826.SZ,易明医药,2019-04-15,12.391,12.6323,12.22,12.22,1889800,
002826.SZ,易明医药,2019-04-16,12.22,12.3105,11.8881,12.2803,2787580,
002826.SZ,易明医药,2019-04-17,12.3105,12.4413,12.1596,12.4211,2731680,
002826.SZ,易明医药,2019-04-18,12.3708,12.4714,12.1898,12.2904,2078600,
002826.SZ,易明医药,2019-04-19,12.3708,12.3708,12.049,12.3004,1886500,
002826.SZ,易明医药,2019-04-22,12.3004,12.3507,11.9987,12.0289,1851900,
002826.SZ,易明医药,2019-04-23,11.9887,12.1697,11.7573,11.8579,1698600,
002826.SZ,易明医药,2019-04-24,11.6668,12.049,11.6668,12.049,1348000,
002826.SZ,易明医药,2019-04-25,12.0691,12.0792,11.516,11.526,1673580,
002826.SZ,易明医药,2019-04-26,11.5059,11.5361,11.1941,11.3651,1174374,
002826.SZ,易明医药,2019-04-29,11.3651,11.4958,10.8723,10.9326,1427200,
002826.SZ,易明医药,2019-04-30,10.9728,11.1539,10.9527,11.0332,686900,
002826.SZ,易明医药,2019-05-06,10.9527,10.9527,10.1984,10.2889,1428200,
002826.SZ,易明医药,2019-05-07,10.5303,10.651,10.2889,10.5303,966700,
002826.SZ,易明医药,2019-05-08,10.5605,10.7113,10.309,10.5605,1051200,
002826.SZ,易明医药,2019-05-09,10.4901,10.6208,10.3794,10.4498,880900,
002826.SZ,易明医药,2019-05-10,10.5806,10.8019,10.3694,10.7616,1335800,
002826.SZ,易明医药,2019-05-13,10.6812,10.8522,10.5705,10.7918,889400,
002826.SZ,易明医药,2019-05-14,10.651,10.7918,10.5806,10.6611,795674,
002826.SZ,易明医药,2019-05-15,10.8019,10.9326,10.6812,10.8421,967174,
002826.SZ,易明医药,2019-05-16,10.8421,11.0332,10.8421,10.9628,960100,
002826.SZ,易明医药,2019-05-17,10.993,11.0131,10.3593,10.4498,1100085,
002826.SZ,易明医药,2019-05-20,10.4498,10.7113,10.1179,10.5605,1023874,
002826.SZ,易明医药,2019-05-21,10.6309,10.7415,10.4901,10.6309,751500,
002826.SZ,易明医药,2019-05-22,10.6309,10.8119,10.5404,10.5806,897385,
002826.SZ,易明医药,2019-05-23,10.6611,10.7113,10.309,10.3694,969100,
002826.SZ,易明医药,2019-05-24,10.0777,10.3593,10.0576,10.309,690000,
002826.SZ,易明医药,2019-05-27,10.1079,10.6007,10.0878,10.5605,1164129,
002826.SZ,易明医药,2019-05-28,10.4599,10.7013,10.4599,10.5504,821800,
002826.SZ,易明医药,2019-05-29,10.4599,10.6208,10.3996,10.5605,668717,
002826.SZ,易明医药,2019-05-30,10.4599,10.6007,10.3493,10.47,763401,
002826.SZ,易明医药,2019-05-31,10.47,10.6409,10.47,10.47,740435,
002826.SZ,易明医药,2019-06-03,10.47,10.6108,10.2386,10.309,1041300,
002826.SZ,易明医药,2019-06-04,10.309,10.4498,10.0878,10.2588,776712,
002826.SZ,易明医药,2019-06-05,10.2889,10.3392,10.0878,10.1682,907500,
002826.SZ,易明医药,2019-06-06,10.1682,10.2286,9.8665,9.8866,976954,
002826.SZ,易明医药,2019-06-10,9.9875,10.0178,9.8866,9.9875,564315,
002826.SZ,易明医药,2019-06-11,10.4516,10.4919,10.048,10.4112,1564377,
002826.SZ,易明医药,2019-06-12,10.2902,10.4617,10.2599,10.3507,775173,
002826.SZ,易明医药,2019-06-13,10.3002,10.391,10.2195,10.3103,752000,
002826.SZ,易明医药,2019-06-14,10.3608,10.6029,10.2095,10.3002,1673300,
002826.SZ,易明医药,2019-06-17,10.3002,10.6433,10.2801,10.5424,2251781,
002826.SZ,易明医药,2019-06-18,10.4314,10.613,10.2801,10.3103,1368241,
002826.SZ,易明医药,2019-06-19,10.3305,10.4919,10.3002,10.3406,1637685,
002826.SZ,易明医药,2019-06-20,10.2902,10.4213,10.1691,10.3406,1726790,
002826.SZ,易明医药,2019-06-21,10.3709,10.6332,10.3709,10.5827,2608774,
002826.SZ,易明医药,2019-06-24,10.6533,10.6634,10.4818,10.5726,1418077,
002826.SZ,易明医药,2019-06-25,10.502,10.5625,10.2801,10.3709,1166500,
002826.SZ,易明医药,2019-06-26,10.3507,10.4919,10.3002,10.4415,1071700,
002826.SZ,易明医药,2019-06-27,10.4213,11.3898,10.4213,10.8955,4748637,
002826.SZ,易明医药,2019-06-28,10.5222,10.6634,10.2498,10.3002,3855100,
002826.SZ,易明医药,2019-07-01,10.381,10.5323,10.3103,10.4617,2105627,
002826.SZ,易明医药,2019-07-02,10.4314,10.5323,10.4011,10.5121,1439294,
002826.SZ,易明医药,2019-07-03,10.4213,10.5625,10.3709,10.4617,1259936,
002826.SZ,易明医药,2019-07-04,10.4617,10.4919,10.3204,10.3507,1069874,
002826.SZ,易明医药,2019-07-05,10.3204,10.4516,10.3002,10.4213,798474,
002826.SZ,易明医药,2019-07-08,10.391,10.4415,10.0077,10.0682,1298143,
002826.SZ,易明医药,2019-07-09,10.0178,10.1489,10.0178,10.1187,596700,
002826.SZ,易明医药,2019-07-10,10.0985,10.3204,10.0884,10.1489,779500,
002826.SZ,易明医药,2019-07-11,10.2599,10.27,10.1388,10.2195,626500,
002826.SZ,易明医药,2019-07-12,10.2195,10.6937,10.0884,10.391,1303500,
002826.SZ,易明医药,2019-07-15,10.27,10.4415,10.0783,10.4112,1138800,
002826.SZ,易明医药,2019-07-16,10.3406,10.5726,10.3406,10.4516,997280,
002826.SZ,易明医药,2019-07-17,10.3507,10.4919,10.3507,10.3709,734500,
002826.SZ,易明医药,2019-07-18,10.3709,10.381,10.0884,10.1187,733400,
002826.SZ,易明医药,2019-07-19,10.0884,10.4314,10.0178,10.2095,811843,
002826.SZ,易明医药,2019-07-22,10.2095,10.27,9.8564,9.8664,971300,
002826.SZ,易明医药,2019-07-23,9.8664,10.0581,9.8463,9.927,697674,
002826.SZ,易明医药,2019-07-24,9.9169,10.1287,9.8866,9.9976,960500,
002826.SZ,易明医药,2019-07-25,10.048,10.0783,9.9976,10.0178,514900,
002826.SZ,易明医药,2019-07-26,9.9371,10.0682,9.9371,10.048,431100,
002826.SZ,易明医药,2019-07-29,10.0581,10.1086,9.9875,10.0783,467100,
002826.SZ,易明医药,2019-07-30,10.2801,10.2801,10.0379,10.0985,660600,
002826.SZ,易明医药,2019-07-31,10.0985,10.1086,10.0279,10.0682,431811,
002826.SZ,易明医药,2019-08-01,10.0682,10.0783,9.9472,10.0077,453655,
002826.SZ,易明医药,2019-08-02,9.9068,9.9472,9.6949,9.8059,754159,
002826.SZ,易明医药,2019-08-05,9.8463,9.8866,9.6041,9.6445,635355,
002826.SZ,易明医药,2019-08-06,9.5033,9.5739,9.1703,9.3217,767048,
002826.SZ,易明医药,2019-08-07,9.3217,9.6041,9.3217,9.4125,622200,
002826.SZ,易明医药,2019-08-08,9.4528,9.5033,9.362,9.3923,429700,
002826.SZ,易明医药,2019-08-09,9.4427,9.5033,9.2309,9.241,376900,
002826.SZ,易明医药,2019-08-12,9.4528,9.473,9.2309,9.4125,416200,
002826.SZ,易明医药,2019-08-13,9.3519,9.4326,9.2914,9.3418,295700,
002826.SZ,易明医药,2019-08-14,9.3822,9.5033,9.362,9.4629,736900,
002826.SZ,易明医药,2019-08-15,9.2914,10.4112,9.2813,10.4112,3200325,
002826.SZ,易明医药,2019-08-16,10.9257,11.4503,10.6937,11.4503,14218584,
002826.SZ,易明医药,2019-08-19,10.9762,12.0556,10.9459,11.7227,17067768,
002826.SZ,易明医药,2019-08-20,11.299,11.6521,11.299,11.5109,9898621,
002826.SZ,易明医药,2019-08-21,11.3797,11.6016,11.0165,11.2788,7577226,
002826.SZ,易明医药,2019-08-22,11.1578,11.3595,11.0165,11.299,5397425,
002826.SZ,易明医药,2019-08-23,11.1981,11.7631,10.9661,11.4907,10330241,
002826.SZ,易明医药,2019-08-26,11.1477,12.0859,11.0569,11.4604,9730200,
002826.SZ,易明医药,2019-08-27,11.4604,12.6105,11.2788,12.6105,13655298,
002826.SZ,易明医药,2019-08-28,12.7013,12.7114,11.6521,11.8034,13434274,
002826.SZ,易明医药,2019-08-29,11.7025,11.753,11.4301,11.5109,6365057,
002826.SZ,易明医药,2019-08-30,11.5815,11.6319,10.6533,10.8349,7264357,
002826.SZ,易明医药,2019-09-02,10.9963,11.299,10.8551,11.1275,4336200,
002826.SZ,易明医药,2019-09-03,11.188,11.5008,10.9257,11.2586,4926730,
002826.SZ,易明医药,2019-09-04,11.1578,11.3091,11.0569,11.1477,4036900,
002826.SZ,易明医药,2019-09-05,11.2486,11.3494,11.1477,11.1981,3894800,
002826.SZ,易明医药,2019-09-06,11.2082,11.4907,11.1073,11.3091,3914098,
002826.SZ,易明医药,2019-09-09,11.3091,11.7933,11.2788,11.7025,5965324,
002826.SZ,易明医药,2019-09-10,11.7025,12.1061,11.5008,11.8841,7646273,
002826.SZ,易明医药,2019-09-11,11.8034,12.0455,11.4907,11.5008,5177900,
002826.SZ,易明医药,2019-09-12,11.5109,11.6924,11.3595,11.4604,2946221,
002826.SZ,易明医药,2019-09-16,11.4806,11.5916,11.2687,11.3192,3246200,
002826.SZ,易明医药,2019-09-17,11.3192,11.3192,10.9762,11.0569,2899600,
002826.SZ,易明医药,2019-09-18,11.0569,11.299,11.0569,11.2586,2019300,
002826.SZ,易明医药,2019-09-19,11.3091,11.3293,11.1174,11.2687,1640700,
002826.SZ,易明医药,2019-09-20,11.299,11.4503,11.2183,11.4301,2747500,
002826.SZ,易明医药,2019-09-23,11.4402,11.4604,10.9963,11.1073,2302300,
002826.SZ,易明医药,2019-09-24,11.1275,11.3999,11.1174,11.1578,1890500,
002826.SZ,易明医药,2019-09-25,11.0771,11.0871,10.7946,10.8753,2336300,
002826.SZ,易明医药,2019-09-26,10.7744,10.9762,10.3709,10.381,2229836,
002826.SZ,易明医药,2019-09-27,10.3709,10.6433,10.3507,10.5726,983231,
002826.SZ,易明医药,2019-09-30,10.5827,10.724,10.5525,10.5625,855800,
002826.SZ,易明医药,2019-10-08,10.5121,10.8248,10.4919,10.613,1005774,
002826.SZ,易明医药,2019-10-09,10.4919,11.0771,10.4919,10.9055,1485400,
002826.SZ,易明医药,2019-10-10,10.8248,10.9459,10.7744,10.8652,1227200,
002826.SZ,易明医药,2019-10-11,10.8248,10.9358,10.8047,10.8047,1328300,
002826.SZ,易明医药,2019-10-14,10.8854,10.9863,10.7946,10.8753,1424236,
002826.SZ,易明医药,2019-10-15,10.956,10.956,10.7845,10.8753,1177000,
002826.SZ,易明医药,2019-10-16,10.6836,10.9257,10.6533,10.7542,1201100,
002826.SZ,易明医药,2019-10-17,10.7542,10.8753,10.5222,10.5625,919100,
002826.SZ,易明医药,2019-10-18,10.5827,10.734,10.2397,10.4112,1243000,
002826.SZ,易明医药,2019-10-21,10.3608,10.3608,10.0682,10.2397,1013200,
002826.SZ,易明医药,2019-10-22,10.2599,10.3507,10.1086,10.3406,876200,
002826.SZ,易明医药,2019-10-23,10.3002,10.4213,10.2397,10.27,885932,
002826.SZ,易明医药,2019-10-24,10.159,10.3406,10.159,10.3103,720936,
002826.SZ,易明医药,2019-10-25,10.3305,10.613,10.1792,10.502,1614279,
002826.SZ,易明医药,2019-10-28,10.4011,10.5525,10.4011,10.5222,1361536,
002826.SZ,易明医药,2019-10-29,10.5323,10.6533,10.4112,10.4112,1062900,
002826.SZ,易明医药,2019-10-30,10.4112,10.5121,10.1691,10.2095,899100,
002826.SZ,易明医药,2019-10-31,10.2095,10.4213,10.0884,10.1287,907400,
002826.SZ,易明医药,2019-11-01,10.3608,10.4213,10.0884,10.3507,1051300,
002826.SZ,易明医药,2019-11-04,10.3608,10.5323,10.2801,10.3608,894400,
002826.SZ,易明医药,2019-11-05,10.3608,10.4213,10.1893,10.2498,1012800,
002826.SZ,易明医药,2019-11-06,10.2498,11.0771,10.2195,10.6231,3540206,
002826.SZ,易明医药,2019-11-07,10.5424,10.8955,10.2599,10.734,3484348,
002826.SZ,易明医药,2019-11-08,10.5928,10.724,10.4415,10.4919,1969900,
002826.SZ,易明医药,2019-11-11,10.391,10.391,10.0581,10.0682,1824200,
002826.SZ,易明医药,2019-11-12,10.0682,10.159,9.816,9.9169,1264023,
002826.SZ,易明医药,2019-11-13,9.8866,9.9572,9.8261,9.8664,647396,
002826.SZ,易明医药,2019-11-14,9.9068,10.0379,9.8664,9.9673,696772,
002826.SZ,易明医药,2019-11-15,10.0178,10.0682,9.8866,9.8967,631600,
002826.SZ,易明医药,2019-11-18,9.9572,9.9572,9.6546,9.8664,681900,
002826.SZ,易明医药,2019-11-19,9.8664,9.9673,9.7857,9.9472,898746,
002826.SZ,易明医药,2019-11-20,9.9673,9.9673,9.8362,9.8362,667800,
002826.SZ,易明医药,2019-11-21,9.8362,9.8866,9.7958,9.8261,541400,
002826.SZ,易明医药,2019-11-22,9.8564,9.8866,9.584,9.5941,936436,
002826.SZ,易明医药,2019-11-25,9.6142,9.6647,9.4831,9.6243,565040,
002826.SZ,易明医药,2019-11-26,9.6647,9.6647,9.5638,9.6344,360700,
002826.SZ,易明医药,2019-11-27,9.6344,9.6546,9.5537,9.584,274000,
002826.SZ,易明医药,2019-11-28,9.6041,9.6546,9.5436,9.5638,308000,
002826.SZ,易明医药,2019-11-29,9.5134,10.1489,9.5134,9.8261,1970036,
002826.SZ,易明医药,2019-12-02,9.7353,9.7353,9.3418,9.584,1257000,
002826.SZ,易明医药,2019-12-03,9.5134,9.6041,9.3923,9.5941,884296,
002826.SZ,易明医药,2019-12-04,9.5134,9.6142,9.473,9.5033,640096,
002826.SZ,易明医药,2019-12-05,9.5033,9.584,9.4629,9.584,918881,
002826.SZ,易明医药,2019-12-06,9.6142,9.6546,9.5638,9.6243,802600,
002826.SZ,易明医药,2019-12-09,9.6344,9.7958,9.6142,9.7756,1125831,
002826.SZ,易明医药,2019-12-10,9.7555,9.8564,9.6849,9.8463,919400,
002826.SZ,易明医药,2019-12-11,9.8261,9.8362,9.7454,9.7555,541300,
002826.SZ,易明医药,2019-12-12,9.7857,9.7857,9.6546,9.6647,620600,
002826.SZ,易明医药,2019-12-13,9.6949,9.8261,9.6849,9.8059,831160,
002826.SZ,易明医药,2019-12-16,9.8261,9.9976,9.8059,9.9371,990640,
002826.SZ,易明医药,2019-12-17,9.9572,10.048,9.9371,9.9875,1540840,
002826.SZ,易明医药,2019-12-18,9.9875,10.0682,9.9472,10.0178,890500,
002826.SZ,易明医药,2019-12-19,10.0682,10.1691,9.9774,10.1287,1275000,
002826.SZ,易明医药,2019-12-20,10.1287,10.1893,9.9875,9.9976,1054900,
002826.SZ,易明医药,2019-12-23,9.9774,10.0884,9.705,9.7555,922400,
002826.SZ,易明医药,2019-12-24,9.7958,9.9673,9.7555,9.8866,801760,
002826.SZ,易明医药,2019-12-25,9.927,10.0178,9.8664,9.9169,736318,
002826.SZ,易明医药,2019-12-26,9.9068,10.0682,9.8866,10.0279,864376,
002826.SZ,易明医药,2019-12-27,10.0279,10.0581,9.9068,9.927,855958,
002826.SZ,易明医药,2019-12-30,9.8866,10.0178,9.7656,10.0077,945031,
002826.SZ,易明医药,2019-12-31,10.0077,10.27,9.9472,10.1994,2357800,
002826.SZ,易明医药,2020-01-02,10.2195,10.4717,10.1187,10.2498,2443500,
002826.SZ,易明医药,2020-01-03,10.27,10.3305,10.1287,10.2801,2415347,
002826.SZ,易明医药,2020-01-06,10.1792,10.2599,10.0884,10.2599,2491534,
002826.SZ,易明医药,2020-01-07,10.2498,10.381,10.2296,10.2902,2271200,
002826.SZ,易明医药,2020-01-08,10.2296,10.2801,10.0884,10.1086,1723938,
002826.SZ,易明医药,2020-01-09,10.1287,10.2599,10.1287,10.2397,1420687,
002826.SZ,易明医药,2020-01-10,10.27,10.2801,10.1187,10.1691,1334940,
002826.SZ,易明医药,2020-01-13,10.1994,10.2397,10.0884,10.2397,1137040,
002826.SZ,易明医药,2020-01-14,10.2801,10.3406,10.2095,10.3406,1869347,
002826.SZ,易明医药,2020-01-15,10.3406,10.5525,10.2397,10.2397,2164656,
002826.SZ,易明医药,2020-01-16,10.2397,10.3002,10.1388,10.2397,1060137,
002826.SZ,易明医药,2020-01-17,10.27,10.845,10.2498,10.5323,4670685,
002826.SZ,易明医药,2020-01-20,10.5323,10.7845,10.4415,10.734,3458686,
002826.SZ,易明医药,2020-01-21,10.7744,11.4503,10.7643,11.3595,7914981,
002826.SZ,易明医药,2020-01-22,11.2788,11.2788,10.6735,10.7946,4640177,
002826.SZ,易明医药,2020-01-23,10.8148,11.0569,10.4314,10.7441,2958700,
002826.SZ,易明医药,2020-02-03,10.6937,10.6937,9.6748,9.9875,4829000,
002826.SZ,易明医药,2020-02-04,9.705,10.5222,9.705,10.4617,4417338,
002826.SZ,易明医药,2020-02-05,10.613,11.3999,10.4516,11.299,6777302,
002826.SZ,易明医药,2020-02-06,11.1678,11.8539,10.9156,11.299,9783581,
002826.SZ,易明医药,2020-02-07,11.4301,11.4604,10.8652,11.1376,5915477,
002826.SZ,易明医药,2020-02-10,11.1477,11.1477,10.6231,10.8854,4343508,
002826.SZ,易明医药,2020-02-11,10.7542,11.0771,10.5928,11.0165,3304946,
002826.SZ,易明医药,2020-02-12,10.9459,11.0165,10.6836,10.9156,3035800,
002826.SZ,易明医药,2020-02-13,11.0266,11.0871,10.5928,10.6231,2809811,
002826.SZ,易明医药,2020-02-14,10.5525,10.6937,10.4314,10.4314,2486917,
002826.SZ,易明医药,2020-02-17,10.4213,10.7139,10.391,10.6533,2513000,
002826.SZ,易明医药,2020-02-18,10.6533,10.7845,10.6231,10.7441,2366611,
002826.SZ,易明医药,2020-02-19,10.6937,10.7441,10.4112,10.4415,2767111,
002826.SZ,易明医药,2020-02-20,10.4516,10.5827,10.4516,10.5625,1733416,
002826.SZ,易明医药,2020-02-21,10.5525,10.6433,10.4516,10.5827,2616507,
002826.SZ,易明医药,2020-02-24,10.6029,10.8148,10.6029,10.7744,2911200,
002826.SZ,易明医药,2020-02-25,10.5625,10.9661,10.4919,10.9055,4488074,
002826.SZ,易明医药,2020-02-26,10.7542,10.8148,10.5525,10.6029,2960826,
002826.SZ,易明医药,2020-02-27,10.6533,10.9762,10.6231,10.956,4356692,
002826.SZ,易明医药,2020-02-28,10.7744,11.2788,10.7441,11.1477,7352726,
002826.SZ,易明医药,2020-03-02,11.299,11.7832,11.2183,11.3192,9057265,
002826.SZ,易明医药,2020-03-03,11.2889,11.4907,11.0871,11.4907,7128491,
002826.SZ,易明医药,2020-03-04,11.4907,11.6824,11.2586,11.3091,5003891,
002826.SZ,易明医药,2020-03-05,11.3696,11.5008,11.1073,11.2486,4066448,
002826.SZ,易明医药,2020-03-06,11.3999,11.7025,11.299,11.3091,6781257,
002826.SZ,易明医药,2020-03-09,10.9963,11.1073,10.7643,10.7643,4746100,
002826.SZ,易明医药,2020-03-10,10.5928,10.7643,10.2902,10.724,3633500,
002826.SZ,易明医药,2020-03-11,10.7038,10.8349,10.6029,10.6735,2394600,
002826.SZ,易明医药,2020-03-12,10.5928,10.5928,10.391,10.4011,2440948,
002826.SZ,易明医药,2020-03-13,9.7857,10.2599,9.6243,10.0884,2540022,
002826.SZ,易明医药,2020-03-16,10.27,10.3608,9.9472,9.9673,1938700,
002826.SZ,易明医药,2020-03-17,9.9673,10.2801,9.7958,10.1388,2022600,
002826.SZ,易明医药,2020-03-18,10.1893,10.3305,9.9673,9.9774,1566100,
002826.SZ,易明医药,2020-03-19,10.0581,10.1489,9.8866,10.1086,1397000,
002826.SZ,易明医药,2020-03-20,10.1388,10.2902,10.1287,10.2801,1385948,
002826.SZ,易明医药,2020-03-23,10.0884,10.391,10.0682,10.0985,1419800,
002826.SZ,易明医药,2020-03-24,10.1691,10.3002,10.0077,10.2902,1404254,
002826.SZ,易明医药,2020-03-25,10.2902,10.502,10.27,10.4415,2141748,
002826.SZ,易明医药,2020-03-26,10.3507,10.5121,10.2902,10.3305,1599738,
002826.SZ,易明医药,2020-03-27,10.381,10.4717,10.2195,10.3204,1627800,
002826.SZ,易明医药,2020-03-30,10.3204,10.3204,10.0379,10.048,1327200,
002826.SZ,易明医药,2020-03-31,10.0884,10.159,9.9774,9.9875,967238,
002826.SZ,易明医药,2020-04-01,9.9472,10.0884,9.8362,9.8362,963900,
002826.SZ,易明医药,2020-04-02,9.8463,9.9875,9.7857,9.9673,858700,
002826.SZ,易明医药,2020-04-03,9.9472,10.3608,9.8866,10.1994,2308326,
002826.SZ,易明医药,2020-04-07,10.391,10.6029,10.3204,10.5121,2976248,
002826.SZ,易明医药,2020-04-08,10.4314,10.956,10.381,10.7845,5782410,
002826.SZ,易明医药,2020-04-09,10.7441,10.8854,10.5928,10.6332,3933200,
002826.SZ,易明医药,2020-04-10,10.6533,10.9762,10.6533,10.6533,4300569,
002826.SZ,易明医药,2020-04-13,10.7542,11.0367,10.6634,10.9459,4557973,
002826.SZ,易明医药,2020-04-14,11.0367,11.0367,10.5121,10.7542,4246290,
002826.SZ,易明医药,2020-04-15,10.6634,11.8337,10.6634,11.8337,6550090,
002826.SZ,易明医药,2020-04-16,12.0859,12.4087,11.5815,11.5916,18382717,
002826.SZ,易明医药,2020-04-17,11.5512,11.985,11.1073,11.188,10576511,
002826.SZ,易明医药,2020-04-20,11.1779,11.5209,11.0165,11.1073,7526628,
002826.SZ,易明医药,2020-04-21,11.1376,11.2788,10.8248,10.9762,5325550,
002826.SZ,易明医药,2020-04-22,11.2486,11.5109,11.1578,11.4402,9116628,
002826.SZ,易明医药,2020-04-23,11.2687,11.41,11.0064,11.0165,6205761,
002826.SZ,易明医药,2020-04-24,11.0367,11.1073,10.5525,10.6433,4326461,
002826.SZ,易明医药,2020-04-27,10.6735,10.6735,10.3204,10.3507,2804095,
002826.SZ,易明医药,2020-04-28,10.2801,10.4112,9.8967,10.0884,3110350,
002826.SZ,易明医药,2020-04-29,10.048,10.3103,9.9976,10.1287,1698184,
002826.SZ,易明医药,2020-04-30,10.1691,10.2397,10.0884,10.2195,1689109,
002826.SZ,易明医药,2020-05-06,10.0783,10.3204,10.0682,10.3103,1697815,
002826.SZ,易明医药,2020-05-07,10.3103,10.4112,10.2296,10.2599,1480000,
002826.SZ,易明医药,2020-05-08,10.3204,10.3305,10.2195,10.2599,1859400,
002826.SZ,易明医药,2020-05-11,10.2599,10.3305,10.2296,10.3103,1834100,
002826.SZ,易明医药,2020-05-12,10.2498,10.4617,10.2498,10.4516,2112861,
002826.SZ,易明医药,2020-05-13,10.4516,10.6029,10.3507,10.5928,2165790,
002826.SZ,易明医药,2020-05-14,10.5827,10.6735,10.381,10.391,1899500,
002826.SZ,易明医药,2020-05-15,10.4112,10.5424,10.2902,10.4415,1415848,
002826.SZ,易明医药,2020-05-18,10.5827,10.7744,10.4415,10.724,2624900,
002826.SZ,易明医药,2020-05-19,10.7744,11.0771,10.5726,10.6231,2762222,
002826.SZ,易明医药,2020-05-20,10.6937,10.8248,10.613,10.7744,2008390,
002826.SZ,易明医药,2020-05-21,10.7038,10.8854,10.5424,10.5525,1881400,
002826.SZ,易明医药,2020-05-22,10.5525,10.6533,10.2902,10.3103,1863000,
002826.SZ,易明医药,2020-05-25,10.3103,10.4415,10.2397,10.3406,966100,
002826.SZ,易明医药,2020-05-26,10.3204,10.5928,10.3204,10.5928,1291000,
002826.SZ,易明医药,2020-05-27,10.5827,10.7542,10.502,10.6634,1853000,
002826.SZ,易明医药,2020-05-28,10.613,10.845,10.5928,10.8349,2546200,
002826.SZ,易明医药,2020-05-29,10.8349,10.8955,10.6937,10.8047,1581100,
002826.SZ,易明医药,2020-06-01,10.8248,10.9863,10.7441,10.9661,2734100,
002826.SZ,易明医药,2020-06-02,10.9257,11.0468,10.8854,10.9863,1731400,
002826.SZ,易明医药,2020-06-03,11.3898,11.6117,10.9863,11.067,5708446,
002826.SZ,易明医药,2020-06-04,10.8248,11.0569,10.7946,10.8652,2749342,
002826.SZ,易明医药,2020-06-05,10.9055,10.9762,10.7542,10.9661,1709246,
002826.SZ,易明医药,2020-06-08,10.9358,11.2486,10.8955,11.0771,2010200,
002826.SZ,易明医药,2020-06-09,11.0871,11.299,11.0266,11.2586,2950846,
002826.SZ,易明医药,2020-06-10,11.2586,11.3293,10.9459,11.0165,2607200,
002826.SZ,易明医药,2020-06-11,11.0064,11.067,10.7441,10.7946,2229274,
002826.SZ,易明医药,2020-06-12,10.5928,11.2486,10.5928,11.1779,3588379,
002826.SZ,易明医药,2020-06-15,11.2788,11.5613,11.1477,11.4402,6709561,
002826.SZ,易明医药,2020-06-16,11.4402,11.531,11.2889,11.4503,4166507,
002826.SZ,易明医药,2020-06-17,11.41,12.2574,11.3595,11.7732,9964583,
002826.SZ,易明医药,2020-06-18,11.7732,11.8539,11.2385,11.2788,6634974,
002826.SZ,易明医药,2020-06-19,11.2486,11.3494,11.1578,11.1678,3066138,
002826.SZ,易明医药,2020-06-22,11.188,11.3091,11.0367,11.299,3292603,
002826.SZ,易明医药,2020-06-23,11.2284,11.3797,11.2082,11.3091,2484300,
002826.SZ,易明医药,2020-06-24,11.2687,11.299,10.8854,10.9156,3449174,
002826.SZ,易明医药,2020-06-29,10.845,11.1174,10.7542,11.0468,2318641,
002826.SZ,易明医药,2020-06-30,10.9963,11.4301,10.9762,11.3595,3321800,
002826.SZ,易明医药,2020-07-01,11.3696,11.4503,11.1981,11.3293,2619100,
002826.SZ,易明医药,2020-07-02,11.2486,11.3696,11.2284,11.299,2494496,
002826.SZ,易明医药,2020-07-03,11.2385,11.4402,11.2284,11.41,3180090,
002826.SZ,易明医药,2020-07-06,11.3999,11.6824,11.3898,11.6016,6102200,
002826.SZ,易明医药,2020-07-07,11.6117,11.6824,11.4503,11.6117,5774800,
002826.SZ,易明医药,2020-07-08,11.5109,11.7429,11.4301,11.6723,4617400,
002826.SZ,易明医药,2020-07-09,11.6622,12.0758,11.642,11.8841,5913122,
002826.SZ,易明医药,2020-07-10,11.8942,12.3583,11.7832,11.985,6325992,
002826.SZ,易明医药,2020-07-13,12.0254,12.6307,12.0254,12.56,8482266,
002826.SZ,易明医药,2020-07-14,12.56,12.9851,12.2463,12.6005,7844174,
002826.SZ,易明医药,2020-07-15,12.5904,12.7523,12.0338,12.0338,5561900,
002826.SZ,易明医药,2020-07-16,12.0439,12.2159,11.5986,11.6289,4537700,
002826.SZ,易明医药,2020-07-17,11.7301,11.8415,11.467,11.801,2774400,
002826.SZ,易明医药,2020-07-20,11.8617,12.0742,11.7403,12.0742,3258592,
002826.SZ,易明医药,2020-07-21,12.0641,12.1957,11.9427,12.0236,2762800,
002826.SZ,易明医药,2020-07-22,11.8921,12.0034,11.7504,11.8516,3631700,
002826.SZ,易明医药,2020-07-23,11.8212,12.469,11.7807,12.1957,6378800,
002826.SZ,易明医药,2020-07-24,12.1046,12.4487,11.6087,11.6188,5784900,
002826.SZ,易明医药,2020-07-27,11.7706,11.9427,11.639,11.8415,3427067,
002826.SZ,易明医药,2020-07-28,11.9933,12.4993,11.9022,12.4184,8073104,
002826.SZ,易明医药,2020-07-29,12.307,12.8131,12.1653,12.6815,8835565,
002826.SZ,易明医药,2020-07-30,12.7523,13.9466,12.5297,13.9466,11976922,
002826.SZ,易明医药,2020-07-31,14.1693,15.3433,13.9567,15.3433,29252696,
002826.SZ,易明医药,2020-08-03,15.6064,16.8817,15.5862,16.8817,21885852,
002826.SZ,易明医药,2020-08-04,16.2339,17.0031,15.1915,15.2421,25881831,
002826.SZ,易明医药,2020-08-05,14.5539,15.0802,14.1187,14.9283,16281526,
002826.SZ,易明医药,2020-08-06,14.6652,14.8474,14.149,14.4223,11890332,
002826.SZ,易明医药,2020-08-07,14.3515,14.7866,14.2199,14.5539,11564374,
002826.SZ,易明医药,2020-08-10,14.0681,14.1693,13.4912,13.6531,9660900,
002826.SZ,易明医药,2020-08-11,13.6632,13.9466,13.5114,13.5418,6102899,
002826.SZ,易明医药,2020-08-12,13.5721,14.1389,13.3394,14.0782,7796599,
002826.SZ,易明医药,2020-08-13,13.9466,14.0478,13.6632,13.6936,5363299,
002826.SZ,易明医药,2020-08-14,13.7847,13.7847,13.1369,13.5418,6414000,
002826.SZ,易明医药,2020-08-17,13.6025,13.7543,13.3394,13.724,6166989,
002826.SZ,易明医药,2020-08-18,13.7644,13.8454,13.5215,13.643,5193670,
002826.SZ,易明医药,2020-08-19,13.6329,13.896,13.2685,13.7847,6149600,
002826.SZ,易明医药,2020-08-20,13.8454,13.8454,13.3596,13.4304,4513082,
002826.SZ,易明医药,2020-08-21,13.4811,13.5823,13.1673,13.2078,3652882,
002826.SZ,易明医药,2020-08-24,13.2382,13.2584,12.5803,12.9345,4658061,
002826.SZ,易明医药,2020-08-25,12.9244,13.1167,12.8333,12.9851,3209800,
002826.SZ,易明医药,2020-08-26,13.0357,13.1369,12.641,12.7523,3103589,
002826.SZ,易明医药,2020-08-27,12.7523,13.0155,12.6613,12.975,2383100,
002826.SZ,易明医药,2020-08-28,12.9649,13.1875,12.803,13.1774,3054671,
002826.SZ,易明医药,2020-08-31,13.3394,13.4001,12.9548,12.9548,3651600,
002826.SZ,易明医药,2020-09-01,12.9143,13.1369,12.7726,13.1369,2079200,
002826.SZ,易明医药,2020-09-02,13.056,13.228,12.9042,13.1875,2765500,
002826.SZ,易明医药,2020-09-03,13.1774,13.3798,13.056,13.0762,3841500,
002826.SZ,易明医药,2020-09-04,12.8333,12.975,12.7119,12.9244,2897807,
002826.SZ,易明医药,2020-09-07,12.8131,13.1369,12.6511,12.6714,2986921,
002826.SZ,易明医药,2020-09-08,12.7017,12.8637,12.4184,12.6208,3116297,
002826.SZ,易明医药,2020-09-09,12.4588,12.6005,11.9933,12.0034,4761860,
002826.SZ,易明医药,2020-09-10,12.0945,12.1249,11.4872,11.548,3479991,
002826.SZ,易明医药,2020-09-11,11.5075,11.9326,11.4974,11.9022,2122600,
002826.SZ,易明医药,2020-09-14,11.9022,12.1957,11.7706,12.0945,2125700,
002826.SZ,易明医药,2020-09-15,12.0945,12.1451,11.9224,12.0641,1485515,
002826.SZ,易明医药,2020-09-16,12.0641,12.1957,11.8212,11.9224,1553000,
002826.SZ,易明医药,2020-09-17,11.9022,12.0236,11.7807,11.9224,1248200,
002826.SZ,易明医药,2020-09-18,11.9224,12.0641,11.8313,12.0439,1508100,
002826.SZ,易明医药,2020-09-21,12.2261,12.2261,11.9326,12.0844,1541800,
002826.SZ,易明医药,2020-09-22,11.9528,12.3171,11.9528,12.0135,2689000,
002826.SZ,易明医药,2020-09-23,12.1249,12.388,11.9629,12.2261,2835200,
002826.SZ,易明医药,2020-09-24,12.0844,12.803,11.8212,12.3576,4942390,
002826.SZ,易明医药,2020-09-25,12.2058,12.5094,12.0641,12.0742,3251991,
002826.SZ,易明医药,2020-09-28,12.054,12.0742,11.2443,11.2443,3417857,
002826.SZ,易明医药,2020-09-29,11.3253,11.8921,11.3253,11.7909,3442439,
002826.SZ,易明医药,2020-09-30,11.6593,11.9326,11.3557,11.4467,2260000,
002826.SZ,易明医药,2020-10-09,11.5581,12.3273,11.5581,12.1552,3523355,
002826.SZ,易明医药,2020-10-12,12.2362,12.3374,12.054,12.307,2851622,
002826.SZ,易明医药,2020-10-13,12.307,12.4588,12.1957,12.388,2909300,
002826.SZ,易明医药,2020-10-14,12.3678,12.5297,12.2159,12.3171,2561700,
002826.SZ,易明医药,2020-10-15,12.3678,12.5094,12.1451,12.2969,2417600,
002826.SZ,易明医药,2020-10-16,12.3678,12.4892,12.1653,12.4386,2085600,
002826.SZ,易明医药,2020-10-19,12.5499,12.5499,12.1856,12.2463,1876800,
002826.SZ,易明医药,2020-10-20,12.2159,12.3678,12.1249,12.3678,1525874,
002826.SZ,易明医药,2020-10-21,12.3576,12.4892,12.1451,12.1552,1936700,
002826.SZ,易明医药,2020-10-22,12.0844,12.1755,11.8516,12.0034,1385000,
002826.SZ,易明医药,2020-10-23,12.0034,12.1755,11.6998,11.7099,1699300,
002826.SZ,易明医药,2020-10-26,11.8111,11.8313,11.5986,11.8111,1152674,
002826.SZ,易明医药,2020-10-27,11.801,11.8516,11.5378,11.6492,1481100,
002826.SZ,易明医药,2020-10-28,11.5581,11.6897,11.3759,11.548,1597296,
002826.SZ,易明医药,2020-10-29,11.5075,11.8111,11.3354,11.72,1597300,
002826.SZ,易明医药,2020-10-30,11.6795,11.7403,11.214,11.2443,2141400,
002826.SZ,易明医药,2020-11-02,11.2545,11.3253,10.8901,10.9508,1994867,
002826.SZ,易明医药,2020-11-03,11.0116,11.5986,10.9711,11.5986,2613100,
002826.SZ,易明医药,2020-11-04,11.5176,11.5176,11.2545,11.2646,1798300,
002826.SZ,易明医药,2020-11-05,11.3354,11.4974,11.2747,11.386,1458900,
002826.SZ,易明医药,2020-11-06,11.386,11.386,11.0723,11.2038,1824000,
002826.SZ,易明医药,2020-11-09,11.2038,11.5682,11.1836,11.4467,2355000,
002826.SZ,易明医药,2020-11-10,11.5075,11.5176,11.2848,11.3759,1431900,
002826.SZ,易明医药,2020-11-11,11.3658,11.3759,11.1735,11.214,1366900,
002826.SZ,易明医药,2020-11-12,11.2038,11.3152,11.1128,11.1229,1307300,
002826.SZ,易明医药,2020-11-13,11.0824,11.1937,11.0014,11.133,1180500,
002826.SZ,易明医药,2020-11-16,11.133,11.2848,11.0622,11.2342,1356674,
002826.SZ,易明医药,2020-11-17,11.2342,11.2545,11.0925,11.1937,1044200,
002826.SZ,易明医药,2020-11-18,11.1937,11.3253,11.133,11.2443,1184874,
002826.SZ,易明医药,2020-11-19,11.2443,11.3658,11.1836,11.3557,1254074,
002826.SZ,易明医药,2020-11-20,11.3557,11.4467,11.3051,11.4265,1280848,
002826.SZ,易明医药,2020-11-23,11.4164,11.5075,11.3354,11.4569,1376338,
002826.SZ,易明医药,2020-11-24,11.467,11.4872,11.3253,11.4265,1507100,
002826.SZ,易明医药,2020-11-25,11.3658,11.4265,11.2241,11.2443,1158100,
002826.SZ,易明医药,2020-11-26,11.2241,11.2949,11.0723,11.0824,1220800,
002826.SZ,易明医药,2020-11-27,11.0824,11.2241,11.0116,11.214,1126774,
002826.SZ,易明医药,2020-11-30,11.1735,11.3253,11.0824,11.1532,1365074,
002826.SZ,易明医药,2020-12-01,11.1836,11.3152,11.1431,11.3051,1332000,
002826.SZ,易明医药,2020-12-02,11.3051,11.3253,11.1937,11.2545,1162738,
002826.SZ,易明医药,2020-12-03,11.2443,11.4366,11.1937,11.4265,1826786,
002826.SZ,易明医药,2020-12-04,11.4265,11.5176,11.3557,11.4063,2041517,
002826.SZ,易明医药,2020-12-07,11.4164,11.4366,11.2342,11.2949,1208827,
002826.SZ,易明医药,2020-12-08,11.2949,11.3557,11.2038,11.2443,952627,
002826.SZ,易明医药,2020-12-09,11.2545,11.2646,10.9609,10.9711,1657927,
002826.SZ,易明医药,2020-12-10,11.0116,11.0723,10.9103,11.0014,692200,
002826.SZ,易明医药,2020-12-11,11.0014,11.0318,10.4751,10.546,2384700,
002826.SZ,易明医药,2020-12-14,10.546,10.6573,10.3638,10.4853,1077674,
002826.SZ,易明医药,2020-12-15,10.4245,10.6168,10.4043,10.5257,690500,
002826.SZ,易明医药,2020-12-16,10.5257,10.5662,10.1816,10.2019,1435600,
002826.SZ,易明医药,2020-12-17,10.212,10.4751,10.1412,10.4549,1332486,
002826.SZ,易明医药,2020-12-18,10.4245,10.4549,10.2525,10.293,962386,
002826.SZ,易明医药,2020-12-21,10.3031,10.3739,10.2221,10.3537,675900,
002826.SZ,易明医药,2020-12-22,10.3436,10.546,10.2727,10.293,1287474,
002826.SZ,易明医药,2020-12-23,10.293,10.3537,10.2221,10.3334,935207,
002826.SZ,易明医药,2020-12-24,10.3233,10.3233,9.878,9.9489,2415382,
002826.SZ,易明医药,2020-12-25,9.9084,10.0501,9.8375,9.9489,830812,
002826.SZ,易明医药,2020-12-28,9.9489,10.0298,9.625,9.6655,1600433,
002826.SZ,易明医药,2020-12-29,9.7262,9.8476,9.6351,9.7768,822221,
002826.SZ,易明医药,2020-12-30,9.8173,9.8274,9.6553,9.7768,757238,
002826.SZ,易明医药,2020-12-31,9.7869,9.9286,9.7262,9.878,869697,
002826.SZ,易明医药,2021-01-04,9.9489,10.0197,9.7363,9.9489,1017200,
002826.SZ,易明医药,2021-01-05,9.9286,10.0096,9.8173,9.9792,1041171,
002826.SZ,易明医药,2021-01-06,9.9691,9.9691,9.706,9.8173,1106200,
002826.SZ,易明医药,2021-01-07,9.8173,9.8173,9.2809,9.3517,2188396,
002826.SZ,易明医药,2021-01-08,9.3517,9.4631,9.0076,9.3011,1166065,
002826.SZ,易明医药,2021-01-11,9.2606,9.2809,8.9165,8.9165,1838418,
002826.SZ,易明医药,2021-01-12,8.8862,9.0279,8.7748,8.8356,1423800,
002826.SZ,易明医药,2021-01-13,8.8356,8.8558,8.4105,8.4813,1795670,
002826.SZ,易明医药,2021-01-14,8.4206,8.5825,8.3801,8.5016,1782406,
002826.SZ,易明医药,2021-01-15,8.5117,8.7849,8.5117,8.6939,1189700,
002826.SZ,易明医药,2021-01-18,8.7242,8.9874,8.6736,8.8659,1181474,
002826.SZ,易明医药,2021-01-19,8.8659,9.0481,8.8254,8.9469,1036700,
002826.SZ,易明医药,2021-01-20,8.9874,9.1088,8.9469,9.0886,1295956,
002826.SZ,易明医药,2021-01-21,9.1594,9.1594,8.9469,8.9975,1033500,
002826.SZ,易明医药,2021-01-22,9.0279,9.1088,8.7647,9.0683,1313600,
002826.SZ,易明医药,2021-01-25,9.0683,9.0785,8.7849,8.876,1201220,
002826.SZ,易明医药,2021-01-26,8.9064,9.0582,8.7951,8.8457,724700,
002826.SZ,易明医药,2021-01-27,8.8457,8.9469,8.7242,8.7849,607400,
002826.SZ,易明医药,2021-01-28,8.6736,8.9368,8.6736,8.7951,758500,
002826.SZ,易明医药,2021-01-29,8.7849,8.7951,8.4004,8.5218,1080118,
002826.SZ,易明医药,2021-02-01,8.4914,8.5825,8.3801,8.4813,862800,
002826.SZ,易明医药,2021-02-02,8.4307,8.542,8.3093,8.3498,847800,
002826.SZ,易明医药,2021-02-03,8.3498,8.37,8.0967,8.117,1300156,
002826.SZ,易明医药,2021-02-04,8.1068,8.1878,7.9247,8.036,900675,
002826.SZ,易明医药,2021-02-05,8.036,8.2789,7.9449,8.0259,1005819,
002826.SZ,易明医药,2021-02-08,8.0259,8.0259,7.6919,7.7223,1756600,
002826.SZ,易明医药,2021-02-09,7.8235,8.0765,7.7526,7.955,1472500,
002826.SZ,易明医药,2021-02-10,7.9348,8.2485,7.8842,8.1878,1283665,
002826.SZ,易明医药,2021-02-18,8.2991,8.4712,8.2283,8.4004,1274365,
002826.SZ,易明医药,2021-02-19,8.4004,8.5927,8.3801,8.5724,1074467,
002826.SZ,易明医药,2021-02-22,8.5825,8.876,8.5522,8.6736,1831500,
002826.SZ,易明医药,2021-02-23,8.6534,8.7647,8.4813,8.6534,1312000,
002826.SZ,易明医药,2021-02-24,8.6129,8.7141,8.5117,8.5927,1225624,
002826.SZ,易明医药,2021-02-25,8.6129,8.6635,8.5319,8.542,747600,
002826.SZ,易明医药,2021-02-26,8.5218,8.6331,8.4408,8.5016,1159300,
002826.SZ,易明医药,2021-03-01,8.623,8.8457,8.5825,8.8457,1906110,
002826.SZ,易明医药,2021-03-02,8.8558,9.2404,8.7647,9.1797,3869731,
002826.SZ,易明医药,2021-03-03,9.21,9.3112,9.0177,9.0683,2088600,
002826.SZ,易明医药,2021-03-04,9.0481,9.291,9.0177,9.2505,2112900,
002826.SZ,易明医药,2021-03-05,9.2505,10.1715,9.1594,9.2505,5850083,
002826.SZ,易明医药,2021-03-08,8.7849,9.1999,8.7849,8.9469,2236304,
002826.SZ,易明医药,2021-03-09,8.9469,9.1392,8.6433,8.7748,2263530,
002826.SZ,易明医药,2021-03-10,8.876,8.9165,8.6331,8.6433,1224500,
002826.SZ,易明医药,2021-03-11,8.6534,8.6837,8.5117,8.6837,914442,
002826.SZ,易明医药,2021-03-12,8.704,8.7951,8.623,8.7748,970812,
002826.SZ,易明医药,2021-03-15,8.7445,8.8862,8.6736,8.7748,864800,
002826.SZ,易明医药,2021-03-16,8.7343,8.9266,8.7141,8.8963,855732,
002826.SZ,易明医药,2021-03-17,8.9671,8.9671,8.8254,8.9064,659763,
002826.SZ,易明医药,2021-03-18,8.9064,9.0177,8.876,8.9671,665400,
002826.SZ,易明医药,2021-03-19,8.9671,9.0785,8.9064,9.0481,1000300,
002826.SZ,易明医药,2021-03-22,8.9772,9.1594,8.9671,9.0076,1017500,
002826.SZ,易明医药,2021-03-23,9.0177,9.1594,8.9772,9.0987,1248466,
002826.SZ,易明医药,2021-03-24,9.0987,9.1797,8.9165,8.9266,1233258,
002826.SZ,易明医药,2021-03-25,8.8862,9.0886,8.7951,8.9064,1223414,
002826.SZ,易明医药,2021-03-26,8.9165,9.0481,8.9064,8.9671,1365514,
002826.SZ,易明医药,2021-03-29,9.0076,9.0279,8.9165,8.957,910604,
002826.SZ,易明医药,2021-03-30,9.0076,9.1493,8.957,9.0987,2109804,
002826.SZ,易明医药,2021-03-31,9.0076,9.2404,8.9874,9.0886,1776910,
002826.SZ,易明医药,2021-04-01,9.0886,9.1797,8.7849,8.876,1794310,
002826.SZ,易明医药,2021-04-02,8.876,8.957,8.8356,8.9064,757000,
002826.SZ,易明医药,2021-04-06,8.8862,9.0177,8.8862,9.0076,924754,
002826.SZ,易明医药,2021-04-07,9.1189,9.1695,8.9772,9.0177,1704554,
002826.SZ,易明医药,2021-04-08,9.0177,9.0886,8.9165,8.9368,1308500,
002826.SZ,易明医药,2021-04-09,8.9368,8.957,8.8356,8.8862,915300,
002826.SZ,易明医药,2021-04-12,8.9266,8.9266,8.8052,8.8558,957800,
002826.SZ,易明医药,2021-04-13,8.8052,8.8862,8.6129,8.704,1055600,
002826.SZ,易明医药,2021-04-14,8.7748,8.876,8.6837,8.8659,1167200,
002826.SZ,易明医药,2021-04-15,8.8558,9.0481,8.8052,9.038,1634100,
002826.SZ,易明医药,2021-04-16,9.1291,9.1493,9.0076,9.1189,1951454,
002826.SZ,易明医药,2021-04-19,9.0886,9.1695,9.0582,9.1189,1197638,
002826.SZ,易明医药,2021-04-20,9.1088,9.3112,9.0582,9.1189,1750600,
002826.SZ,易明医药,2021-04-21,9.1392,9.4631,9.0886,9.3214,3212700,
002826.SZ,易明医药,2021-04-22,9.3214,9.3214,9.1291,9.1594,2624108,
002826.SZ,易明医药,2021-04-23,9.1291,9.1291,8.9064,8.957,1806468,
002826.SZ,易明医药,2021-04-26,9.2606,9.5339,9.1695,9.2201,4137043,
002826.SZ,易明医药,2021-04-27,9.1088,9.4023,8.9469,9.4023,3180000,
002826.SZ,易明医药,2021-04-28,9.3112,9.3112,9.1088,9.1898,2971300,
002826.SZ,易明医药,2021-04-29,9.1189,10.1108,9.0582,9.5137,9837852,
002826.SZ,易明医药,2021-04-30,9.3011,10.0197,9.1898,9.7464,9724153,
002826.SZ,易明医药,2021-05-06,9.544,10.4751,9.544,10.0096,8487968,
002826.SZ,易明医药,2021-05-07,9.8072,10.0096,9.6756,9.7363,4903994,
002826.SZ,易明医药,2021-05-10,9.6452,9.8375,9.4327,9.7869,4514000,
002826.SZ,易明医药,2021-05-11,9.6553,9.7869,9.4833,9.6655,3157936,
002826.SZ,易明医药,2021-05-12,9.6351,9.6351,9.3618,9.5946,3595400,
002826.SZ,易明医药,2021-05-13,9.5137,10.3436,9.4934,9.9387,7709936,
002826.SZ,易明医药,2021-05-14,9.9691,10.2727,9.8173,9.878,6790374,
002826.SZ,易明医药,2021-05-17,9.7566,9.9489,9.5238,9.6857,4174274,
002826.SZ,易明医药,2021-05-18,9.6857,9.797,9.5137,9.7161,3836000,
002826.SZ,易明医药,2021-05-19,9.625,9.7363,9.3416,9.4226,4325836,
002826.SZ,易明医药,2021-05-20,9.3922,9.5541,9.3618,9.3922,2475500,
002826.SZ,易明医药,2021-05-21,9.4428,9.4529,9.1594,9.1797,3124595,
002826.SZ,易明医药,2021-05-24,9.1695,9.21,9.0987,9.1797,1985819,
002826.SZ,易明医药,2021-05-25,9.1797,9.3214,9.1797,9.2505,1872100,
002826.SZ,易明医药,2021-05-26,9.2505,9.4226,9.21,9.3618,4285111,
002826.SZ,易明医药,2021-05-27,9.372,9.4327,9.2606,9.3112,2400600,
002826.SZ,易明医药,2021-05-28,9.3112,9.3214,8.9874,9.0481,3460500,
002826.SZ,易明医药,2021-05-31,9.0481,9.1392,8.9874,9.1088,2062867,
002826.SZ,易明医药,2021-06-01,9.1392,9.2303,9.1088,9.1695,1721684,
002826.SZ,易明医药,2021-06-02,9.1695,9.1695,9.038,9.1392,1890900,
002826.SZ,易明医药,2021-06-03,9.1088,9.1594,9.0886,9.0987,1195100,
002826.SZ,易明医药,2021-06-04,9.0785,9.1392,9.0481,9.1088,940900,
002826.SZ,易明医药,2021-06-07,9.0987,9.1392,9.0582,9.0886,875100,
002826.SZ,易明医药,2021-06-08,9.1189,9.1291,9.0481,9.0886,1159900,
002826.SZ,易明医药,2021-06-09,9.0785,9.0886,9.0481,9.0582,1492900,
002826.SZ,易明医药,2021-06-10,9.0886,9.1189,9.0582,9.0886,1146300,
002826.SZ,易明医药,2021-06-11,9.0785,9.0987,8.957,8.9874,1379900,
002826.SZ,易明医药,2021-06-15,8.9165,8.9772,8.6736,8.7343,1762700,
002826.SZ,易明医药,2021-06-16,8.7242,8.7951,8.6736,8.6837,838674,
002826.SZ,易明医药,2021-06-17,8.6736,8.7951,8.6736,8.7849,737900,
002826.SZ,易明医药,2021-06-18,8.7748,8.8052,8.704,8.7951,997374,
002826.SZ,易明医药,2021-06-21,8.8254,9.1291,8.7748,9.0987,2611901,
002826.SZ,易明医药,2021-06-22,9.1088,9.3315,9.0785,9.2606,3712599,
002826.SZ,易明医药,2021-06-23,9.2303,9.4023,9.2303,9.2606,2621500,
002826.SZ,易明医药,2021-06-24,9.2505,9.291,9.1088,9.1594,1264500,
002826.SZ,易明医药,2021-06-25,9.1291,9.1493,9.0076,9.0785,1588700,
002826.SZ,易明医药,2021-06-28,9.1189,9.1594,9.0582,9.1493,1251274,
002826.SZ,易明医药,2021-06-29,9.0987,9.0987,8.8862,8.9165,1711400,
002826.SZ,易明医药,2021-06-30,8.8254,9.1189,8.8254,9.0582,1684600,
002826.SZ,易明医药,2021-07-01,9.0076,9.372,8.9874,9.1999,6049437,
002826.SZ,易明医药,2021-07-02,9.1797,9.3517,9.1392,9.3011,4930496,
002826.SZ,易明医药,2021-07-05,9.2201,10.2322,9.1493,9.878,14386534,
002826.SZ,易明医药,2021-07-06,10.1209,10.2727,9.4934,9.6149,11896857,
002826.SZ,易明医药,2021-07-07,9.3618,9.4732,9.1797,9.2606,7434900,
002826.SZ,易明医药,2021-07-08,9.2201,9.291,9.038,9.1189,4036195,
002826.SZ,易明医药,2021-07-09,9.0683,9.1594,9.0076,9.1189,2142200,
002826.SZ,易明医药,2021-07-12,9.1594,9.1695,9.038,9.0683,2705100,
002826.SZ,易明医药,2021-07-13,9.0683,9.1493,9.0481,9.0886,1950900,
002826.SZ,易明医药,2021-07-14,9.109,9.2622,9.0886,9.1907,2439995,
002826.SZ,易明医药,2021-07-15,9.1601,9.1703,8.9865,9.0681,1949500,
002826.SZ,易明医药,2021-07-16,9.0886,9.1498,9.0477,9.0988,1314400,
002826.SZ,易明医药,2021-07-19,9.0784,9.252,9.0273,9.2418,2092437,
002826.SZ,易明医药,2021-07-20,9.1907,9.2928,9.1805,9.2009,1691737,
002826.SZ,易明医药,2021-07-21,9.2009,9.3949,9.1805,9.3745,3220425,
002826.SZ,易明医药,2021-07-22,9.3745,9.3745,9.2213,9.303,2107300,
002826.SZ,易明医药,2021-07-23,9.3132,9.3132,9.0171,9.0375,2569895,
002826.SZ,易明医药,2021-07-26,9.0273,9.0273,8.7107,8.8129,2416000,
002826.SZ,易明医药,2021-07-27,8.7822,8.8843,8.7005,8.7414,1520100,
002826.SZ,易明医药,2021-07-28,8.7107,8.7414,8.4248,8.5269,1325800,
002826.SZ,易明医药,2021-07-29,8.5269,8.6903,8.5269,8.6393,932295,
002826.SZ,易明医药,2021-07-30,8.5984,8.8843,8.5984,8.7312,1138400,
002826.SZ,易明医药,2021-08-02,8.7312,8.8843,8.6801,8.8333,902700,
002826.SZ,易明医药,2021-08-03,8.8333,8.9558,8.8231,8.8945,1192700,
002826.SZ,易明医药,2021-08-04,8.8639,9.0171,8.8333,8.8639,1152700,
002826.SZ,易明医药,2021-08-05,8.8741,8.9048,8.7516,8.8231,1015600,
002826.SZ,易明医药,2021-08-06,8.7822,8.7822,8.6597,8.7414,744500,
002826.SZ,易明医药,2021-08-09,8.7312,8.915,8.7107,8.8843,1046700,
002826.SZ,易明医药,2021-08-10,8.8843,8.9456,8.8231,8.9354,1046900,
002826.SZ,易明医药,2021-08-11,8.9252,8.9252,8.8435,8.9252,1190500,
002826.SZ,易明医药,2021-08-12,8.915,8.9762,8.8843,8.9354,1519400,
002826.SZ,易明医药,2021-08-13,8.915,8.9456,8.8435,8.915,1153000,
002826.SZ,易明医药,2021-08-16,8.915,9.1192,8.7209,9.109,3072800,
002826.SZ,易明医药,2021-08-17,9.0681,9.1192,8.8639,8.8945,1560509,
002826.SZ,易明医药,2021-08-18,8.9252,9.0579,8.8843,8.9865,1222409,
002826.SZ,易明医药,2021-08-19,8.9762,9.0171,8.9048,9.0069,1282309,
002826.SZ,易明医药,2021-08-20,8.9762,8.9762,8.8333,8.9252,1090100,
002826.SZ,易明医药,2021-08-23,8.9354,9.0886,8.8945,9.0375,1948800,
002826.SZ,易明医药,2021-08-24,9.0375,9.109,8.9967,9.0681,1670719,
002826.SZ,易明医药,2021-08-25,9.0681,9.1601,8.9252,9.109,1495409,
002826.SZ,易明医药,2021-08-26,9.109,9.1396,8.9762,8.9967,1417400,
002826.SZ,易明医药,2021-08-27,8.9558,8.966,8.8333,8.8843,2103000,
002826.SZ,易明医药,2021-08-30,8.9456,8.9558,8.6801,8.772,1486900,
002826.SZ,易明医药,2021-08-31,8.7209,8.8537,8.7209,8.8129,1035900,
002826.SZ,易明医药,2021-09-01,8.8231,8.8435,8.7005,8.8231,1201400,
002826.SZ,易明医药,2021-09-02,8.8129,8.8333,8.7312,8.8026,1653200,
002826.SZ,易明医药,2021-09-03,8.8026,8.9252,8.7618,8.8945,1314800,
002826.SZ,易明医药,2021-09-06,8.8843,9.109,8.8843,9.0886,2540400,
002826.SZ,易明医药,2021-09-07,9.0886,9.1192,9.0477,9.0886,1423274,
002826.SZ,易明医药,2021-09-08,9.0886,9.2111,9.0477,9.1601,1889506,
002826.SZ,易明医药,2021-09-09,9.1703,9.1907,9.0988,9.1498,1454000,
002826.SZ,易明医药,2021-09-10,9.1907,9.2111,9.0477,9.1294,1698376,
002826.SZ,易明医药,2021-09-13,9.1192,9.1907,9.0886,9.1601,1002800,
002826.SZ,易明医药,2021-09-14,9.1601,9.3745,9.1192,9.2009,3188100,
002826.SZ,易明医药,2021-09-15,9.2111,9.2315,9.1192,9.1703,1637776,
002826.SZ,易明医药,2021-09-16,9.1703,9.3132,9.0988,9.1498,2343000,
002826.SZ,易明医药,2021-09-17,9.2111,9.2111,9.0375,9.1805,1567700,
002826.SZ,易明医药,2021-09-22,9.0886,9.2418,9.0784,9.1805,1120500,
002826.SZ,易明医药,2021-09-23,9.1703,9.2826,9.1703,9.2213,1532800,
002826.SZ,易明医药,2021-09-24,9.2213,9.2213,8.915,8.9252,2218200,
002826.SZ,易明医药,2021-09-27,8.8945,8.9558,8.6597,8.6699,2214900,
002826.SZ,易明医药,2021-09-28,8.6699,8.8231,8.6086,8.6903,1867100,
002826.SZ,易明医药,2021-09-29,8.6903,8.772,8.4963,8.5167,1463700,
002826.SZ,易明医药,2021-09-30,8.5576,8.6801,8.5576,8.6699,959600,
002826.SZ,易明医药,2021-10-08,8.6699,9.0171,8.6699,8.9354,1776900,
002826.SZ,易明医药,2021-10-11,8.9456,9.0273,8.9048,8.9762,942000,
002826.SZ,易明医药,2021-10-12,8.9558,9.0681,8.8333,8.9865,1053500,
002826.SZ,易明医药,2021-10-13,8.9456,9.0273,8.8945,9.0069,782800,
002826.SZ,易明医药,2021-10-14,8.9865,9.0477,8.9048,9.0171,563800,
002826.SZ,易明医药,2021-10-15,9.0579,9.0579,8.9048,8.915,680800,
002826.SZ,易明医药,2021-10-18,8.8843,8.9762,8.7924,8.9558,694200,
002826.SZ,易明医药,2021-10-19,8.8945,9.0171,8.8843,8.8945,538800,
002826.SZ,易明医药,2021-10-20,8.8945,8.8945,8.7924,8.7924,570000,
002826.SZ,易明医药,2021-10-21,8.8026,8.8843,8.6801,8.7209,773637,
002826.SZ,易明医药,2021-10-22,8.7209,8.7618,8.6495,8.6495,737900,
002826.SZ,易明医药,2021-10-25,8.7312,8.8741,8.6495,8.8537,972700,
002826.SZ,易明医药,2021-10-26,8.8129,9.1907,8.7924,8.966,2941808,
002826.SZ,易明医药,2021-10-27,8.966,8.9865,8.7312,8.8333,2287909,
002826.SZ,易明医药,2021-10-28,8.7822,8.8129,8.5576,8.5678,1623261,
002826.SZ,易明医药,2021-10-29,8.5371,8.772,8.5371,8.772,1068434,
002826.SZ,易明医药,2021-11-01,8.772,9.0171,8.7107,8.9252,1264825,
002826.SZ,易明医药,2021-11-02,8.9354,9.0988,8.9048,9.0579,2906000,
002826.SZ,易明医药,2021-11-03,9.0784,9.0784,8.9558,9.0579,1449900,
002826.SZ,易明医药,2021-11-04,9.0681,9.3132,9.0375,9.2826,4012900,
002826.SZ,易明医药,2021-11-05,9.3132,9.3439,9.2418,9.303,1937083,
002826.SZ,易明医药,2021-11-08,9.303,9.3949,9.2111,9.3337,1283100,
002826.SZ,易明医药,2021-11-09,9.3337,9.4154,9.303,9.3643,1355280,
002826.SZ,易明医药,2021-11-10,9.3949,9.4256,9.252,9.4154,1731100,
002826.SZ,易明医药,2021-11-11,9.4154,9.4562,9.3541,9.3949,1312700,
002826.SZ,易明医药,2021-11-12,9.3949,9.5073,9.3234,9.4868,1979500,
002826.SZ,易明医药,2021-11-15,9.4868,9.64,9.4256,9.4868,2889234,
002826.SZ,易明医药,2021-11-16,9.5073,9.6094,9.3234,9.3949,2204034,
002826.SZ,易明医药,2021-11-17,9.4358,9.5481,9.3643,9.3949,1389900,
002826.SZ,易明医药,2021-11-18,9.4664,9.4664,9.2928,9.303,1473200,
002826.SZ,易明医药,2021-11-19,9.3234,9.4562,9.2724,9.3643,939600,
002826.SZ,易明医药,2021-11-22,9.3643,9.4664,9.3234,9.4358,1197100,
002826.SZ,易明医药,2021-11-23,9.4256,9.5481,9.3643,9.5481,1889000,
002826.SZ,易明医药,2021-11-24,9.5481,9.7523,9.4868,9.6502,1593000,
002826.SZ,易明医药,2021-11-25,9.6911,9.8443,9.5992,9.783,2578374,
002826.SZ,易明医药,2021-11-26,9.7626,9.8034,9.6298,9.783,1529000,
002826.SZ,易明医药,2021-11-29,9.7728,9.8136,9.5685,9.6298,1723350,
002826.SZ,易明医药,2021-11-30,9.6911,10.0076,9.6502,9.9974,3514567,
002826.SZ,易明医药,2021-12-01,9.9974,10.0791,9.9055,9.9872,1740280,
002826.SZ,易明医药,2021-12-02,9.9362,10.0587,9.9055,9.9259,1582200,
002826.SZ,易明医药,2021-12-03,9.9974,10.0076,9.8443,9.9566,1165100,
002826.SZ,易明医药,2021-12-06,9.9464,10.1506,9.7932,9.8851,2090100,
002826.SZ,易明医药,2021-12-07,9.9055,9.977,9.7626,9.977,2723805,
002826.SZ,易明医药,2021-12-08,9.9566,10.171,9.8851,10.0587,2919000,
002826.SZ,易明医药,2021-12-09,10.0893,10.0995,9.9872,10.0383,1553040,
002826.SZ,易明医药,2021-12-10,10.0893,10.1404,10.0281,10.0995,1433640,
002826.SZ,易明医药,2021-12-13,10.0995,10.2221,9.9566,10.171,2213700,
002826.SZ,易明医药,2021-12-14,10.2323,10.5795,10.1098,10.5387,5149955,
002826.SZ,易明医药,2021-12-15,10.5387,10.9267,10.4672,10.8246,4661574,
002826.SZ,易明医药,2021-12-16,10.8246,11.0697,10.7327,10.845,3736900,
002826.SZ,易明医药,2021-12-17,10.8859,10.9676,10.6306,10.8042,2420250,
002826.SZ,易明医药,2021-12-20,10.8757,11.3862,10.7225,11.0901,4421100,
002826.SZ,易明医药,2021-12-21,11.1003,11.1003,10.9165,11.0288,2610800,
002826.SZ,易明医药,2021-12-22,11.0288,11.1922,10.9676,11.0901,2294718,
002826.SZ,易明医药,2021-12-23,11.1003,11.1616,10.9063,10.9471,2472705,
002826.SZ,易明医药,2021-12-24,10.9573,11.0901,10.6714,10.7735,3084950,
002826.SZ,易明医药,2021-12-27,10.7735,11.4169,10.7633,11.0799,3941650,
002826.SZ,易明医药,2021-12-28,11.1309,11.1309,10.7633,10.8348,2342111,
002826.SZ,易明医药,2021-12-29,10.9471,11.1309,10.7735,10.8654,2216950,
002826.SZ,易明医药,2021-12-30,10.9063,11.1105,10.8859,11.0186,1908400,
002826.SZ,易明医药,2021-12-31,11.0288,11.4679,10.9267,11.182,3672800,
002826.SZ,易明医药,2022-01-04,11.182,11.8866,11.182,11.8151,6281658,
002826.SZ,易明医药,2022-01-05,11.7947,11.8049,11.039,11.0901,5879717,
002826.SZ,易明医药,2022-01-06,11.039,11.4067,10.8961,11.325,3879817,
002826.SZ,易明医药,2022-01-07,11.3454,11.4169,10.988,11.0493,3089235,
002826.SZ,易明医药,2022-01-10,11.0595,11.325,10.9165,11.2126,2139911,
002826.SZ,易明医药,2022-01-11,11.1922,11.6415,11.1309,11.6313,4298500,
002826.SZ,易明医药,2022-01-12,11.6415,11.9275,11.4577,11.8764,4507750,
002826.SZ,易明医药,2022-01-13,11.7743,11.8151,11.5088,11.6313,3598000,
002826.SZ,易明医药,2022-01-14,11.5496,12.0807,11.5088,11.8662,4255200,
002826.SZ,易明医药,2022-01-17,11.8458,11.9887,11.5701,11.713,4112854,
002826.SZ,易明医药,2022-01-18,11.6926,11.856,11.2331,11.2841,4783808,
002826.SZ,易明医药,2022-01-19,11.3556,11.3965,10.9471,11.3658,4000300,
002826.SZ,易明医药,2022-01-20,11.376,11.5088,10.6714,10.988,4200150,
002826.SZ,易明医药,2022-01-21,10.988,11.0697,10.7225,10.9471,2828300,
002826.SZ,易明医药,2022-01-24,10.9573,10.9573,10.3957,10.6306,2633878,
002826.SZ,易明医药,2022-01-25,10.6101,10.6408,9.9157,9.9668,3396100,
002826.SZ,易明医药,2022-01-26,9.9668,10.0893,9.8238,10.0587,1708100,
002826.SZ,易明医药,2022-01-27,10.0587,10.2119,9.8443,10.0689,2453100,
002826.SZ,易明医药,2022-01-28,10.0791,10.2629,9.9872,10.2425,2410300,
002826.SZ,易明医药,2022-02-07,10.2221,10.3753,10.1098,10.2323,1868500,
002826.SZ,易明医药,2022-02-08,10.2119,10.9267,10.1608,10.8042,4343308,
002826.SZ,易明医药,2022-02-09,10.8042,10.9471,10.6204,10.8348,3505300,
002826.SZ,易明医药,2022-02-10,10.8859,10.9369,10.5387,10.7327,3289224,
002826.SZ,易明医药,2022-02-11,10.7021,10.7123,10.2732,10.4161,2886353,
002826.SZ,易明医药,2022-02-14,10.508,10.7225,10.3344,10.4161,2445200,
002826.SZ,易明医药,2022-02-15,10.4263,10.4263,10.1098,10.2629,2448400,
002826.SZ,易明医药,2022-02-16,10.314,10.4978,10.171,10.4774,2695500,
002826.SZ,易明医药,2022-02-17,10.4672,10.5489,10.2017,10.2425,1972900,
002826.SZ,易明医药,2022-02-18,10.2017,10.4978,10.12,10.4774,2466800,
002826.SZ,易明医药,2022-02-21,10.4672,10.8246,10.4468,10.7021,1808774,
002826.SZ,易明医药,2022-02-22,10.7021,10.7225,10.4978,10.6101,1866200,
002826.SZ,易明医药,2022-02-23,10.6101,10.9267,10.5591,10.7429,1949200,
002826.SZ,易明医药,2022-02-24,10.7327,10.9063,10.457,10.6101,3100400,
002826.SZ,易明医药,2022-02-25,10.651,11.0186,10.651,10.9267,2366900,
002826.SZ,易明医药,2022-02-28,10.9573,10.9982,10.6714,10.8654,1426200,
002826.SZ,易明医药,2022-03-01,10.8859,11.0799,10.8246,11.0697,1750600,
002826.SZ,易明医药,2022-03-02,11.0697,11.2229,10.988,11.2126,1690900,
002826.SZ,易明医药,2022-03-03,11.2637,11.325,11.1718,11.2331,1557000,
002826.SZ,易明医药,2022-03-04,11.2331,11.3965,11.1412,11.2024,1694900,
002826.SZ,易明医药,2022-03-07,11.1616,11.3965,11.1003,11.182,1978200,
002826.SZ,易明医药,2022-03-08,11.1616,11.1616,10.7225,10.7837,2296000,
002826.SZ,易明医药,2022-03-09,10.7837,10.845,10.0791,10.4365,1969861,
002826.SZ,易明医药,2022-03-10,10.5182,10.9982,10.4876,10.9778,3292200,
002826.SZ,易明医药,2022-03-11,10.9165,11.1003,10.6918,11.0901,2208393,
002826.SZ,易明医药,2022-03-14,11.1514,11.4884,10.8961,10.8961,3964000,
002826.SZ,易明医药,2022-03-15,10.8961,11.0288,10.4876,10.508,3256317,
002826.SZ,易明医药,2022-03-16,10.6408,10.7123,10.1098,10.5489,4228900,
002826.SZ,易明医药,2022-03-17,10.5591,11.2229,10.457,10.9778,3725100,
002826.SZ,易明医药,2022-03-18,10.9573,11.7845,10.9063,11.5496,5546500,
002826.SZ,易明医药,2022-03-21,11.5496,11.6722,11.3965,11.5905,4993200,
002826.SZ,易明医药,2022-03-22,11.6722,11.6722,11.3352,11.5905,3215800,
002826.SZ,易明医药,2022-03-23,11.4884,11.7437,11.3965,11.6007,3507750,
002826.SZ,易明医药,2022-03-24,11.5496,11.9275,11.4475,11.8151,5223214,
002826.SZ,易明医药,2022-03-25,11.7641,12.1317,11.6926,11.9785,4452169,
002826.SZ,易明医药,2022-03-28,12.0807,12.1317,11.6211,11.7335,2783700,
002826.SZ,易明医药,2022-03-29,11.6415,11.9581,11.5701,11.7539,2456550,
002826.SZ,易明医药,2022-03-30,11.8356,11.8968,11.6415,11.7641,2611240,
002826.SZ,易明医药,2022-03-31,11.713,12.2338,11.7028,12.0296,3818575,
002826.SZ,易明医药,2022-04-01,11.8968,11.8968,11.3352,11.6109,5077275,
002826.SZ,易明医药,2022-04-06,11.6211,11.9479,11.3862,11.5803,4384900,
002826.SZ,易明医药,2022-04-07,11.5905,11.5905,11.0595,11.1718,3704100,
002826.SZ,易明医药,2022-04-08,11.1412,11.2229,10.6714,11.1207,3254300,
002826.SZ,易明医药,2022-04-11,11.1309,11.1309,10.508,10.794,4415500,
002826.SZ,易明医药,2022-04-12,10.6101,10.7225,10.4161,10.7225,3025400,
002826.SZ,易明医药,2022-04-13,10.7225,10.7225,10.2119,10.508,2888100,
002826.SZ,易明医药,2022-04-14,10.4365,10.4672,10.2629,10.4468,2442700,
002826.SZ,易明医药,2022-04-15,10.3344,10.3548,10.0076,10.0179,2089300,
002826.SZ,易明医药,2022-04-18,10.0179,10.0587,9.7013,10.0383,2927773,
002826.SZ,易明医药,2022-04-19,9.9566,10.0893,9.834,9.9157,2131073,
002826.SZ,易明医药,2022-04-20,9.9259,10.0587,9.7319,9.9566,2461700,
002826.SZ,易明医药,2022-04-21,9.9259,9.9259,9.3949,9.5992,3379200,
002826.SZ,易明医药,2022-04-22,9.4562,9.7217,9.2418,9.5787,4066000,
002826.SZ,易明医药,2022-04-25,9.4256,9.4256,8.6188,8.6188,6986800,
002826.SZ,易明医药,2022-04-26,8.6801,8.6801,8.2818,8.2818,4217913,
002826.SZ,易明医药,2022-04-27,8.2818,8.5473,8.0163,8.4452,3746900,
002826.SZ,易明医药,2022-04-28,8.3942,8.6495,8.0674,8.3737,3404400,
002826.SZ,易明医药,2022-04-29,8.4248,8.8333,8.4248,8.7618,3640900,
002826.SZ,易明医药,2022-05-05,8.7618,9.109,8.6495,9.0069,2290513,
002826.SZ,易明医药,2022-05-06,8.8639,9.9055,8.7822,9.9055,5290200,
002826.SZ,易明医药,2022-05-09,9.8034,10.4059,9.446,9.834,9891158,
002826.SZ,易明医药,2022-05-10,9.5481,10.1915,9.4358,9.8443,9359032,
002826.SZ,易明医药,2022-05-11,9.834,10.1608,9.5073,9.5379,8814059,
002826.SZ,易明医药,2022-05-12,9.4051,10.0383,9.3847,9.9566,8467961,
002826.SZ,易明医药,2022-05-13,9.9668,10.508,9.9055,10.2323,10451259,
002826.SZ,易明医药,2022-05-16,10.2834,10.3651,9.9055,10.1302,7890600,
002826.SZ,易明医药,2022-05-17,10.0076,10.1915,9.7932,9.9974,6773300,
002826.SZ,易明医药,2022-05-18,10.0995,10.0995,9.8749,9.8749,4206200,
002826.SZ,易明医药,2022-05-19,9.7932,10.1608,9.6809,10.0281,3319846,
002826.SZ,易明医药,2022-05-20,9.9974,10.0893,9.8136,9.9668,3074861,
002826.SZ,易明医药,2022-05-23,9.9566,10.9676,9.9464,10.5489,14943284,
002826.SZ,易明医药,2022-05-24,10.3855,10.6816,10.0281,10.0689,12457855,
002826.SZ,易明医药,2022-05-25,10.0281,10.457,9.7013,10.0587,6509739,
002826.SZ,易明医药,2022-05-26,10.2425,10.314,9.9566,10.314,5863246,
002826.SZ,易明医药,2022-05-27,10.2221,10.4672,9.8034,9.9872,6352500,
002826.SZ,易明医药,2022-05-30,9.9872,9.9974,9.783,9.9055,3545500,
002826.SZ,易明医药,2022-05-31,9.8851,9.9974,9.7217,9.9668,3314574,
002826.SZ,易明医药,2022-06-01,9.8851,10.0893,9.8238,9.9362,2662501,
002826.SZ,易明医药,2022-06-02,9.9259,10.0179,9.7217,9.9872,3680474,
002826.SZ,易明医药,2022-06-06,9.9974,10.0587,9.8647,9.9872,3676195,
002826.SZ,易明医药,2022-06-07,9.9872,10.2936,9.9055,10.2221,5314351,
002826.SZ,易明医药,2022-06-08,10.1506,10.2017,9.8545,10.0179,3195800,
002826.SZ,易明医药,2022-06-09,10.0076,10.0076,9.64,9.6707,2754500,
002826.SZ,易明医药,2022-06-10,9.5481,9.8238,9.5277,9.8238,2422800,
002826.SZ,易明医药,2022-06-13,9.7932,9.8749,9.6707,9.8238,1731100,
002826.SZ,易明医药,2022-06-14,9.8034,9.8443,9.4358,9.7115,3132100,
002826.SZ,易明医药,2022-06-15,9.6502,9.7728,9.5685,9.589,2280500,
002826.SZ,易明医药,2022-06-16,9.64,9.6707,9.5175,9.6604,1657400,
002826.SZ,易明医药,2022-06-17,9.6196,9.6502,9.4868,9.589,2069500,
002826.SZ,易明医药,2022-06-20,9.6196,9.7626,9.5583,9.7421,2209300,
002826.SZ,易明医药,2022-06-21,9.7421,9.7932,9.5992,9.7115,1691100,
002826.SZ,易明医药,2022-06-22,9.7217,9.7626,9.5685,9.6911,1701641,
002826.SZ,易明医药,2022-06-23,9.6809,9.7013,9.5481,9.64,1719600,
002826.SZ,易明医药,2022-06-24,9.6502,9.7523,9.6196,9.7115,1865300,
002826.SZ,易明医药,2022-06-27,9.7319,9.8953,9.7013,9.8034,1738700,
002826.SZ,易明医药,2022-06-28,9.7626,10.1302,9.7115,10.0689,3533895,
002826.SZ,易明医药,2022-06-29,10.0689,10.1506,9.9157,9.9668,1944000,
002826.SZ,易明医药,2022-06-30,9.9668,10.0995,9.9055,9.9668,2045300,
002826.SZ,易明医药,2022-07-01,10.0179,10.7429,9.9259,10.4672,7670100,
002826.SZ,易明医药,2022-07-04,10.5897,10.9063,10.3651,10.6816,9291250,
002826.SZ,易明医药,2022-07-05,10.7021,10.8144,10.3753,10.6101,6596498,
002826.SZ,易明医药,2022-07-06,10.6101,11.1003,10.457,10.8042,7625705,
002826.SZ,易明医药,2022-07-07,10.7837,11.2126,10.6816,10.7531,9760100,
002826.SZ,易明医药,2022-07-08,10.9902,11.2789,10.7634,11.1861,8954012,
002826.SZ,易明医药,2022-07-11,11.1861,11.516,11.0521,11.4129,9143761,
002826.SZ,易明医药,2022-07-12,11.3201,11.4439,10.9799,10.9799,8788203,
002826.SZ,易明医药,2022-07-13,10.9799,11.2583,10.7325,11.2377,8712300,
002826.SZ,易明医药,2022-07-14,11.1655,11.681,11.1036,11.4748,7771200,
002826.SZ,易明医药,2022-07-15,11.4439,11.7841,11.3408,11.5367,7438401,
002826.SZ,易明医药,2022-07-18,11.3717,11.6913,11.2995,11.3923,6782901,
002826.SZ,易明医药,2022-07-19,11.4748,11.5779,11.3511,11.4542,5045400,
002826.SZ,易明医药,2022-07-20,11.4645,11.7429,11.2377,11.5263,6768100,
002826.SZ,易明医药,2022-07-21,11.5985,11.949,11.5367,11.7016,6867300,
002826.SZ,易明医药,2022-07-22,11.6707,12.2687,11.1449,11.7429,10545727,
002826.SZ,易明医药,2022-07-25,11.5779,11.5882,11.1964,11.2067,6645300,
002826.SZ,易明医药,2022-07-26,11.4026,11.5985,11.248,11.5367,5644460,
002826.SZ,易明医药,2022-07-27,11.4954,11.7325,11.3923,11.6088,5771660,
002826.SZ,易明医药,2022-07-28,11.7841,11.7841,11.3717,11.4026,2900150,
002826.SZ,易明医药,2022-07-29,11.4336,11.4954,11.2892,11.4232,2637050,
002826.SZ,易明医药,2022-08-01,11.3408,11.3614,11.083,11.1861,3033600,
002826.SZ,易明医药,2022-08-02,11.1758,11.1758,10.6706,10.7016,3450300,
002826.SZ,易明医药,2022-08-03,10.7222,10.9593,10.5778,10.6397,2811450,
002826.SZ,易明医药,2022-08-04,10.7222,10.9078,10.6294,10.8459,1931600,
002826.SZ,易明医药,2022-08-05,10.8768,11.0315,10.8459,11.0109,1987700,
002826.SZ,易明医药,2022-08-08,11.0109,11.2377,10.9284,11.1036,2538200,
002826.SZ,易明医药,2022-08-09,11.1346,11.1346,10.9078,11.0109,2087143,
002826.SZ,易明医药,2022-08-10,11.0315,11.0624,10.8459,10.9284,2101900,
002826.SZ,易明医药,2022-08-11,10.9387,11.0521,10.784,10.9181,3730800,
002826.SZ,易明医药,2022-08-12,10.9284,11.0624,10.8356,11.0005,2898100,
002826.SZ,易明医药,2022-08-15,10.9696,11.0315,10.8665,11.0212,2136900,
002826.SZ,易明医药,2022-08-16,11.0315,11.0727,10.6397,10.784,3380600,
002826.SZ,易明医药,2022-08-17,10.7944,10.8459,10.6706,10.7944,1729535,
002826.SZ,易明医药,2022-08-18,10.815,10.815,10.6191,10.7531,2076200,
002826.SZ,易明医药,2022-08-19,10.7634,11.0109,10.7119,10.9799,3001000,
002826.SZ,易明医药,2022-08-22,10.9902,11.0315,10.8047,10.8562,2679400,
002826.SZ,易明医药,2022-08-23,10.8562,10.8871,10.6809,10.7944,1934600,
002826.SZ,易明医药,2022-08-24,10.7944,10.9078,10.2995,10.3716,4656700,
002826.SZ,易明医药,2022-08-25,10.3923,10.5882,10.2892,10.4026,3510300,
002826.SZ,易明医药,2022-08-26,10.4541,10.5469,10.3201,10.3613,1444377,
002826.SZ,易明医药,2022-08-29,10.3098,10.3098,10.1036,10.1242,2884382,
002826.SZ,易明医药,2022-08-30,10.1861,10.2273,10.0005,10.1139,2573235,
002826.SZ,易明医药,2022-08-31,10.1139,10.1242,9.7118,9.7221,3414600,
002826.SZ,易明医药,2022-09-01,9.7737,9.9902,9.7737,9.8046,1818034,
002826.SZ,易明医药,2022-09-02,9.8046,9.9902,9.8046,9.9799,1602434,
002826.SZ,易明医药,2022-09-05,9.9696,10.1139,9.9696,10.083,2199800,
002826.SZ,易明医药,2022-09-06,10.1345,10.2479,10.0624,10.217,2372500,
002826.SZ,易明医药,2022-09-07,10.2479,10.2479,10.052,10.083,1479600,
002826.SZ,易明医药,2022-09-08,10.083,10.1551,9.9283,9.9593,1542400,
002826.SZ,易明医药,2022-09-09,9.9902,10.0727,9.8974,9.9386,1280400,
002826.SZ,易明医药,2022-09-13,9.9386,10.0727,9.8974,9.9696,1744365,
002826.SZ,易明医药,2022-09-14,9.8974,9.9386,9.7324,9.918,1660400,
002826.SZ,易明医药,2022-09-15,10.0933,10.0933,9.5262,9.65,2394577,
002826.SZ,易明医药,2022-09-16,9.6397,9.6706,9.4438,9.4541,1758396,
002826.SZ,易明医药,2022-09-19,9.4335,9.5056,9.2685,9.3819,2354600,
002826.SZ,易明医药,2022-09-20,9.4025,9.65,9.4025,9.5778,1575900,
002826.SZ,易明医药,2022-09-21,9.5778,9.8665,9.4438,9.8355,2343377,
002826.SZ,易明医药,2022-09-22,9.7634,10.2067,9.7634,9.9489,4195743,
002826.SZ,易明医药,2022-09-23,9.9696,10.052,9.7943,9.8871,2226350,
002826.SZ,易明医药,2022-09-26,9.8046,9.8665,9.4541,9.5262,2557900,
002826.SZ,易明医药,2022-09-27,9.5366,9.7428,9.4438,9.7221,1949200,
002826.SZ,易明医药,2022-09-28,9.7221,9.9696,9.5881,9.7118,2541800,
002826.SZ,易明医药,2022-09-29,9.8046,9.9283,9.5984,9.6912,1683900,
002826.SZ,易明医药,2022-09-30,9.7015,9.9593,9.5778,9.8768,3334846,
002826.SZ,易明医药,2022-10-10,10.0005,10.083,9.7531,9.8252,2305146,
002826.SZ,易明医药,2022-10-11,9.7737,9.784,9.485,9.5366,1867100,
002826.SZ,易明医药,2022-10-12,9.5262,9.7737,9.4128,9.7428,2005550,
002826.SZ,易明医药,2022-10-13,9.7324,10.083,9.65,10.0314,2465643,
002826.SZ,易明医药,2022-10-14,10.0933,10.3407,10.0417,10.1861,2761600,
002826.SZ,易明医药,2022-10-17,10.1861,10.4026,10.1551,10.3407,2636700,
002826.SZ,易明医药,2022-10-18,10.382,10.7016,10.2479,10.5675,3136720,
002826.SZ,易明医药,2022-10-19,10.5263,10.6706,10.3613,10.4541,2571661,
002826.SZ,易明医药,2022-10-20,10.516,10.9593,10.4232,10.7222,6149400,
002826.SZ,易明医药,2022-10-21,10.6191,10.815,10.4954,10.6809,3975287,
002826.SZ,易明医药,2022-10-24,10.7531,10.8562,10.3613,10.3716,3538700,
002826.SZ,易明医药,2022-10-25,10.3716,10.5263,10.083,10.2273,2943950,
002826.SZ,易明医药,2022-10-26,10.3304,10.6706,10.2582,10.5572,3262300,
002826.SZ,易明医药,2022-10-27,10.5469,10.9387,10.5469,10.8047,3899936,
002826.SZ,易明医药,2022-10-28,10.7531,11.0212,10.5778,10.8047,6139400,
002826.SZ,易明医药,2022-10-31,10.8562,11.8872,10.65,11.8872,16390944,
002826.SZ,易明医药,2022-11-01,12.7841,13.0728,11.7016,11.7532,40926553,
002826.SZ,易明医药,2022-11-02,11.0109,11.7222,10.8253,11.7222,33677751,
002826.SZ,易明医药,2022-11-03,11.2171,11.4232,11.0727,11.114,17393688,
002826.SZ,易明医药,2022-11-04,11.2686,12.1862,11.2686,11.5573,19065977,
002826.SZ,易明医药,2022-11-07,11.6501,11.98,11.3098,11.5367,12279887,
002826.SZ,易明医药,2022-11-08,11.4645,11.5779,11.0624,11.3614,10223612,
002826.SZ,易明医药,2022-11-09,11.3717,12.4955,11.3408,12.4955,14305011,
002826.SZ,易明医药,2022-11-10,13.1553,13.743,13.0728,13.743,13817996,
002826.SZ,易明医药,2022-11-11,14.5368,14.8358,12.4955,12.681,50581459,
002826.SZ,易明医药,2022-11-14,11.8563,13.1759,11.8563,12.7841,27326445,
002826.SZ,易明医药,2022-11-15,12.5058,12.712,12.279,12.5058,17723411,
002826.SZ,易明医药,2022-11-16,12.5058,12.5779,12.0625,12.5573,13680511,
002826.SZ,易明医药,2022-11-17,12.3717,12.9697,12.2996,12.681,16001061,
002826.SZ,易明医药,2022-11-18,12.5779,13.4955,12.5779,13.2172,21441985,
002826.SZ,易明医药,2022-11-21,13.0006,14.4853,12.5779,13.9388,24340346,
002826.SZ,易明医药,2022-11-22,13.6708,14.31,13.2068,13.4337,19833637,
002826.SZ,易明医药,2022-11-23,13.2584,13.3821,12.3717,12.681,14446661,
002826.SZ,易明医药,2022-11-24,12.5883,12.8769,12.4748,12.681,10301111,
002826.SZ,易明医药,2022-11-25,12.712,12.712,11.8563,12.5058,11546214,
002826.SZ,易明医药,2022-11-28,12.6398,12.9182,12.3202,12.4233,8984150,
002826.SZ,易明医药,2022-11-29,12.279,12.8151,12.2068,12.5264,11080646,
002826.SZ,易明医药,2022-11-30,12.5779,12.8769,12.4852,12.5573,7214950,
002826.SZ,易明医药,2022-12-01,12.6707,12.7635,12.1346,12.2068,9089400,
002826.SZ,易明医药,2022-12-02,12.5883,13.4233,11.8563,12.0418,26262050,
002826.SZ,易明医药,2022-12-05,12.0418,12.114,11.7532,11.8666,16370954,
002826.SZ,易明医药,2022-12-06,11.8253,12.0728,11.7841,11.8356,7034980,
002826.SZ,易明医药,2022-12-07,11.7532,12.1037,11.6088,12.0831,8481750,
002826.SZ,易明医药,2022-12-08,11.98,12.2171,11.815,12.0006,6594761,
002826.SZ,易明医药,2022-12-09,11.9387,12.8563,11.9387,12.4955,13339104,
002826.SZ,易明医药,2022-12-12,12.6604,13.1965,12.4852,13.0625,10828550,
002826.SZ,易明医药,2022-12-13,13.1244,13.1553,12.6501,13.0728,8384974,
002826.SZ,易明医药,2022-12-14,12.9491,12.9903,12.5367,12.7326,6618176,
002826.SZ,易明医药,2022-12-15,12.5883,12.9697,12.5779,12.7429,4849200,
002826.SZ,易明医药,2022-12-16,12.7429,13.0419,12.5883,12.7429,6202246,
002826.SZ,易明医药,2022-12-19,12.7841,12.7841,12.0625,12.1346,5721900,
002826.SZ,易明医药,2022-12-20,12.1346,12.1965,11.8253,12.0109,3897600,
002826.SZ,易明医药,2022-12-21,12.0109,12.1759,11.815,11.8563,2548100,
002826.SZ,易明医药,2022-12-22,11.98,12.1346,11.6604,11.7429,3705200,
002826.SZ,易明医药,2022-12-23,11.7429,11.8872,11.2995,11.3408,4855000,
002826.SZ,易明医药,2022-12-26,11.3511,11.547,11.1552,11.2892,4878500,
002826.SZ,易明医药,2022-12-27,11.3717,11.3717,10.3923,10.5366,7429900,
002826.SZ,易明医药,2022-12-28,10.5366,10.6603,10.4232,10.5057,3815900,
002826.SZ,易明医药,2022-12-29,10.4851,11.0315,10.4851,10.8768,4416980,
002826.SZ,易明医药,2022-12-30,10.8974,10.9799,10.4747,10.5057,3956450,
002826.SZ,易明医药,2023-01-03,11.5573,11.5573,11.5573,11.5573,2019100,
002826.SZ,易明医药,2023-01-04,11.9387,12.3511,11.2377,11.2377,25266400,
002826.SZ,易明医药,2023-01-05,11.2995,11.4232,10.8356,10.9284,14035400,
002826.SZ,易明医药,2023-01-06,10.9284,11.0212,10.6809,10.6809,9588900,
002826.SZ,易明医药,2023-01-09,10.7531,10.8562,10.6809,10.8356,6331600,
002826.SZ,易明医药,2023-01-10,10.7531,10.8974,10.5985,10.8459,6219707,
002826.SZ,易明医药,2023-01-11,10.8253,11.3305,10.7634,11.114,9454644,
002826.SZ,易明医药,2023-01-12,10.9799,11.2171,10.8562,10.9078,5528400,
002826.SZ,易明医药,2023-01-13,10.9799,11.0005,10.815,10.9078,3032600,
002826.SZ,易明医药,2023-01-16,10.8871,11.1552,10.8459,11.1036,4631144,
002826.SZ,易明医药,2023-01-17,11.1036,11.1552,11.0005,11.083,2846500,
002826.SZ,易明医药,2023-01-18,11.083,11.3717,11.0005,11.3717,5450334,
002826.SZ,易明医药,2023-01-19,11.2583,11.4129,11.1655,11.2789,3279900,
002826.SZ,易明医药,2023-01-20,11.2892,11.4645,11.2892,11.382,2869457,
002826.SZ,易明医药,2023-01-30,11.4439,11.4748,11.2789,11.3923,5073676,
002826.SZ,易明医药,2023-01-31,11.3511,11.4748,11.2789,11.4645,3383150,
002826.SZ,易明医药,2023-02-01,11.4851,11.7738,11.4542,11.681,4061100,
002826.SZ,易明医药,2023-02-02,11.7119,11.8563,11.6604,11.8047,3494700,
002826.SZ,易明医药,2023-02-03,11.8563,11.9078,11.5676,11.6501,3335090,
002826.SZ,易明医药,2023-02-06,11.7016,11.7635,11.516,11.7119,3161400,
002826.SZ,易明医药,2023-02-07,11.7222,11.7429,11.5367,11.6088,3403886,
002826.SZ,易明医药,2023-02-08,11.6088,11.8253,11.547,11.7429,2805000,
002826.SZ,易明医药,2023-02-09,11.7016,11.7841,11.6191,11.7635,2747200,
002826.SZ,易明医药,2023-02-10,11.7325,11.8356,11.6191,11.6707,2274400,
002826.SZ,易明医药,2023-02-13,11.8459,11.8459,11.6707,11.7532,3834000,
002826.SZ,易明医药,2023-02-14,11.9078,11.9594,11.7222,11.9078,3371400,
002826.SZ,易明医药,2023-02-15,11.8975,12.1243,11.8563,12.0212,4006500,
002826.SZ,易明医药,2023-02-16,12.0625,12.5367,11.9903,12.1965,8952861,
002826.SZ,易明医药,2023-02-17,12.1346,12.4233,11.9181,12.2377,9728900,
002826.SZ,易明医药,2023-02-20,12.2687,12.4027,12.0006,12.3305,6999100,
002826.SZ,易明医药,2023-02-21,12.3305,12.3408,12.0728,12.1965,5063700,
002826.SZ,易明医药,2023-02-22,11.9903,12.1243,11.8356,12.0212,6277600,
002826.SZ,易明医药,2023-02-23,12.0831,12.0831,11.7944,11.8769,3756088,
002826.SZ,易明医药,2023-02-24,11.9181,12.0728,11.8459,12.0109,3513057,
002826.SZ,易明医药,2023-02-27,12.0625,12.114,11.7532,11.7635,2679257,
002826.SZ,易明医药,2023-02-28,11.9181,12.1656,11.7016,12.1552,3865700,
002826.SZ,易明医药,2023-03-01,12.2068,12.2583,12.0625,12.1759,2638800,
002826.SZ,易明医药,2023-03-02,12.114,12.1552,11.9078,11.949,2836300,
002826.SZ,易明医药,2023-03-03,12.0212,12.0212,11.7841,11.8666,2463500,
002826.SZ,易明医药,2023-03-06,11.8666,11.9697,11.815,11.8356,2293100,
002826.SZ,易明医药,2023-03-07,11.8047,11.9387,11.5367,11.5367,3500600,
002826.SZ,易明医药,2023-03-08,11.5676,11.6501,11.4954,11.5882,2196700,
002826.SZ,易明医药,2023-03-09,11.6398,11.6501,11.547,11.5779,2050900,
002826.SZ,易明医药,2023-03-10,11.5676,11.6294,11.3923,11.4232,2597376,
002826.SZ,易明医药,2023-03-13,11.3923,11.4542,11.1655,11.4026,3384500,
002826.SZ,易明医药,2023-03-14,11.4026,11.4954,11.0727,11.1861,3032300,
002826.SZ,易明医药,2023-03-15,11.2686,11.7016,11.2583,11.5367,3357100,
002826.SZ,易明医药,2023-03-16,11.5367,11.6707,11.3614,11.5263,3063400,
002826.SZ,易明医药,2023-03-17,11.547,11.681,11.2067,11.2686,3653800,
002826.SZ,易明医药,2023-03-20,11.2686,11.2686,10.9078,10.9902,4882100,
002826.SZ,易明医药,2023-03-21,11.0315,11.248,10.9181,11.248,3105100,
002826.SZ,易明医药,2023-03-22,11.248,11.382,11.248,11.2686,2533900,
002826.SZ,易明医药,2023-03-23,11.3201,11.3408,11.1243,11.2583,2709300,
002826.SZ,易明医药,2023-03-24,11.2789,11.5882,11.1449,11.1758,4060100,
002826.SZ,易明医药,2023-03-27,11.1552,11.2274,11.0315,11.1655,3327900,
002826.SZ,易明医药,2023-03-28,11.1036,11.2686,11.0727,11.083,2106000,
002826.SZ,易明医药,2023-03-29,11.0521,11.2067,10.9593,11.0521,1982700,
002826.SZ,易明医药,2023-03-30,11.0212,11.0418,10.7944,10.8562,2313500,
002826.SZ,易明医药,2023-03-31,10.8459,11.1552,10.8459,11.0933,2617700,
002826.SZ,易明医药,2023-04-03,11.0933,11.2789,11.0315,11.0624,2995200,
002826.SZ,易明医药,2023-04-04,11.083,11.114,10.9284,10.949,2572100,
002826.SZ,易明医药,2023-04-06,10.949,11.0315,10.8459,10.9181,2265100,
002826.SZ,易明医药,2023-04-07,10.9181,11.1552,10.8768,11.1243,2974916,
002826.SZ,易明医药,2023-04-10,11.114,11.1655,10.6706,10.7222,5296216,
002826.SZ,易明医药,2023-04-11,10.7222,10.8768,10.7119,10.8253,3111100,
002826.SZ,易明医药,2023-04-12,10.8356,11.3408,10.7325,10.9078,4414400,
002826.SZ,易明医药,2023-04-13,10.9284,11.2274,10.7634,11.1964,3925620,
002826.SZ,易明医药,2023-04-14,11.2274,11.4336,11.1346,11.382,4492200,
002826.SZ,易明医药,2023-04-17,11.2892,11.3614,11.114,11.2686,3069900,
002826.SZ,易明医药,2023-04-18,11.3201,11.3201,11.0521,11.0727,2624300,
002826.SZ,易明医药,2023-04-19,11.083,11.114,10.9181,10.9799,2221900,
002826.SZ,易明医药,2023-04-20,11.0212,11.0212,10.5985,10.8665,3719310,
002826.SZ,易明医药,2023-04-21,10.8768,10.9696,10.7428,10.7737,2335100,
002826.SZ,易明医药,2023-04-24,10.7737,10.9181,10.5675,10.7222,3897200,
002826.SZ,易明医药,2023-04-25,10.7634,10.7634,10.1758,10.3923,5330250,
002826.SZ,易明医药,2023-04-26,10.3923,10.8047,10.3098,10.7325,3604450,
002826.SZ,易明医药,2023-04-27,10.7325,11.1758,10.65,11.1243,4824500,
002826.SZ,易明医药,2023-04-28,11.1346,11.2686,10.949,11.2274,3898600,
002826.SZ,易明医药,2023-05-04,11.2274,11.382,11.1861,11.2789,3173800,
002826.SZ,易明医药,2023-05-05,11.3511,11.3614,11.0315,11.1036,2727820,
002826.SZ,易明医药,2023-05-08,11.0933,11.2377,10.949,11.0521,2256100,
002826.SZ,易明医药,2023-05-09,10.9799,11.0727,10.7325,10.7325,3011400,
002826.SZ,易明医药,2023-05-10,10.7119,10.9181,10.6294,10.8665,1948100,
002826.SZ,易明医药,2023-05-11,10.8768,10.9593,10.7119,10.8665,2291000,
002826.SZ,易明医药,2023-05-12,10.8768,11.114,10.7428,10.949,2325500,
002826.SZ,易明医药,2023-05-15,10.9078,11.3305,10.8356,11.1861,4044842,
002826.SZ,易明医药,2023-05-16,11.2686,11.2686,11.0315,11.1346,2544300,
002826.SZ,易明医药,2023-05-17,11.0624,11.3305,11.0315,11.3098,2902500,
002826.SZ,易明医药,2023-05-18,11.3201,11.3408,11.1346,11.1861,2053800,
002826.SZ,易明医药,2023-05-19,11.2583,11.3511,11.0521,11.3201,2560700,
002826.SZ,易明医药,2023-05-22,11.3305,11.4336,11.2583,11.3717,2278600,
002826.SZ,易明医药,2023-05-23,11.3614,11.5263,11.2274,11.4026,3633500,
002826.SZ,易明医药,2023-05-24,11.4129,11.4542,11.2686,11.3408,2768300,
002826.SZ,易明医药,2023-05-25,11.2892,11.3614,11.083,11.2171,2093700,
002826.SZ,易明医药,2023-05-26,11.1861,11.6088,11.1243,11.516,3721800,
002826.SZ,易明医药,2023-05-29,11.5263,11.6088,11.4336,11.4439,2538000,
002826.SZ,易明医药,2023-05-30,11.4954,11.5882,11.1861,11.3511,2745000,
002826.SZ,易明医药,2023-05-31,11.3408,11.4439,11.1655,11.2067,2903276,
002826.SZ,易明医药,2023-06-01,11.1449,11.3098,11.0212,11.0933,2843300,
002826.SZ,易明医药,2023-06-02,11.1861,11.1861,10.9902,11.0624,2697800,
002826.SZ,易明医药,2023-06-05,11.0624,11.5779,11.0315,11.5263,5075500,
002826.SZ,易明医药,2023-06-06,11.4748,11.681,11.4129,11.4645,5253400,
002826.SZ,易明医药,2023-06-07,11.4336,11.5882,11.3408,11.5573,4768300,
002826.SZ,易明医药,2023-06-08,11.547,11.7222,11.4439,11.5057,4789900,
002826.SZ,易明医药,2023-06-09,11.5057,11.6398,11.382,11.4954,2976000,
002826.SZ,易明医药,2023-06-12,11.4954,11.5367,11.1861,11.3408,2946800,
002826.SZ,易明医药,2023-06-13,11.3408,11.516,11.1655,11.248,2742400,
002826.SZ,易明医药,2023-06-14,11.2583,11.3614,11.1758,11.1964,2151900,
002826.SZ,易明医药,2023-06-15,11.2067,11.382,11.1036,11.2171,4206884,
002826.SZ,易明医药,2023-06-16,11.2274,11.3305,11.0005,11.0212,4019044,
002826.SZ,易明医药,2023-06-19,11.0109,11.1036,10.6603,10.7325,3997800,
002826.SZ,易明医药,2023-06-20,10.7325,10.7737,10.6191,10.6913,2297300,
002826.SZ,易明医药,2023-06-21,10.7016,10.8459,10.5985,10.7634,2856800,
002826.SZ,易明医药,2023-06-26,10.7737,10.7944,10.3613,10.3923,4166400,
002826.SZ,易明医药,2023-06-27,10.4232,10.7325,10.3613,10.6913,2693400,
002826.SZ,易明医药,2023-06-28,10.6913,10.7222,10.4747,10.7016,2446700,
002826.SZ,易明医药,2023-06-29,10.7016,11.0521,10.6706,10.9696,3763000,
002826.SZ,易明医药,2023-06-30,10.9696,11.5882,10.8871,11.3511,7265900,
002826.SZ,易明医药,2023-07-03,11.3511,11.4954,11.1655,11.2377,3633500,
002826.SZ,易明医药,2023-07-04,11.1861,11.2892,11.1449,11.248,1971300,
002826.SZ,易明医药,2023-07-05,11.2583,11.2892,11.1243,11.1964,1644600,
002826.SZ,易明医药,2023-07-06,11.1964,11.1964,11.0212,11.0727,1565900,
002826.SZ,易明医药,2023-07-07,11.1143,11.1456,10.9895,11.0519,2245344,
002826.SZ,易明医药,2023-07-10,11.0727,11.156,10.927,10.9791,1831300,
002826.SZ,易明医药,2023-07-11,11.0207,11.1248,10.9478,11.0935,1625344,
002826.SZ,易明医药,2023-07-12,11.0935,11.1248,10.9374,10.9791,1919744,
002826.SZ,易明医药,2023-07-13,11.0311,11.0415,10.875,10.9687,2108900,
002826.SZ,易明医药,2023-07-14,11.0103,11.0623,10.9166,10.9687,1903500,
002826.SZ,易明医药,2023-07-17,10.9791,10.9791,10.7293,10.9582,1678500,
002826.SZ,易明医药,2023-07-18,10.9687,11.0415,10.8646,10.9999,1778200,
002826.SZ,易明医药,2023-07-19,10.9895,11.0831,10.9478,11.0415,1802300,
002826.SZ,易明医药,2023-07-20,11.0311,11.1039,10.9895,11.0207,1811800,
002826.SZ,易明医药,2023-07-21,11.0207,11.1352,10.927,11.0831,1614600,
002826.SZ,易明医药,2023-07-24,11.0935,11.2809,10.9895,11.2392,2633400,
002826.SZ,易明医药,2023-07-25,11.3017,11.3641,11.1768,11.3433,2892500,
002826.SZ,易明医药,2023-07-26,11.3329,11.4161,11.3121,11.3537,3086300,
002826.SZ,易明医药,2023-07-27,11.3641,11.4057,11.2288,11.26,2110400,
002826.SZ,易明医药,2023-07-28,11.3121,11.4057,11.208,11.3433,2769100,
002826.SZ,易明医药,2023-07-31,11.2913,11.4057,11.156,11.1976,4238100,
002826.SZ,易明医药,2023-08-01,11.1976,11.2392,11.1143,11.1872,2808900,
002826.SZ,易明医药,2023-08-02,11.208,11.208,11.0831,11.1248,2073174,
002826.SZ,易明医药,2023-08-03,11.1664,11.1872,11.0623,11.0935,2373274,
002826.SZ,易明医药,2023-08-04,11.1352,11.1976,11.0103,11.0103,2316300,
002826.SZ,易明医药,2023-08-07,11.0519,11.0519,10.6565,10.6877,4134300,
002826.SZ,易明医药,2023-08-08,10.7293,10.927,10.6252,10.9062,3483100,
002826.SZ,易明医药,2023-08-09,10.9062,11.3433,10.8334,11.0519,6192500,
002826.SZ,易明医药,2023-08-10,10.9999,11.0623,10.8438,10.8958,3715300,
002826.SZ,易明医药,2023-08-11,10.8542,11.208,10.8542,10.9687,4641300,
002826.SZ,易明医药,2023-08-14,10.9374,11.1872,10.875,11.0207,3407100,
002826.SZ,易明医药,2023-08-15,11.0311,11.2809,10.9791,11.208,4221900,
002826.SZ,易明医药,2023-08-16,11.3121,11.3329,11.0727,11.0831,3907700,
002826.SZ,易明医药,2023-08-17,11.0727,11.2288,11.0207,11.2184,4016000,
002826.SZ,易明医药,2023-08-18,11.1976,11.208,10.9374,10.9478,3419500,
002826.SZ,易明医药,2023-08-21,11.0311,11.0831,10.7813,10.9166,3078900,
002826.SZ,易明医药,2023-08-22,10.927,10.9582,10.4067,10.6356,4924400,
002826.SZ,易明医药,2023-08-23,10.7605,10.7709,10.5316,10.5316,2540365,
002826.SZ,易明医药,2023-08-24,10.5212,10.6669,10.4483,10.5628,2331698,
002826.SZ,易明医药,2023-08-25,10.5524,10.7189,10.3547,10.3755,2479400,
002826.SZ,易明医药,2023-08-28,10.8021,10.927,10.5732,10.6044,4561300,
002826.SZ,易明医药,2023-08-29,10.6356,10.875,10.542,10.875,3096200,
002826.SZ,易明医药,2023-08-30,10.8958,11.1143,10.8854,11.0415,2263300,
002826.SZ,易明医药,2023-08-31,11.0103,11.2496,10.9374,11.2392,4753800,
002826.SZ,易明医药,2023-09-01,11.208,11.2704,11.0519,11.0727,2627100,
002826.SZ,易明医药,2023-09-04,11.0831,11.2392,11.0727,11.2184,3143674,
002826.SZ,易明医药,2023-09-05,11.2184,11.2913,11.1456,11.1872,2159800,
002826.SZ,易明医药,2023-09-06,11.2184,11.2288,11.0831,11.1143,2199100,
002826.SZ,易明医药,2023-09-07,11.1664,11.1664,10.8958,10.927,3029900,
002826.SZ,易明医药,2023-09-08,10.9478,11.0103,10.8854,10.927,2144400,
002826.SZ,易明医药,2023-09-11,10.9791,11.2392,10.8646,11.1664,3400345,
002826.SZ,易明医药,2023-09-12,11.1664,11.2913,11.1352,11.2392,3287100,
002826.SZ,易明医药,2023-09-13,11.1976,11.2809,10.9582,11.0831,2888500,
002826.SZ,易明医药,2023-09-14,11.0935,11.208,11.0415,11.1039,2654100,
002826.SZ,易明医药,2023-09-15,11.1768,12.2175,11.0415,12.2175,11874764,
002826.SZ,易明医药,2023-09-18,12.2591,12.8002,11.7283,12.1862,37747794,
002826.SZ,易明医药,2023-09-19,12.2175,13.4038,11.874,13.4038,26534409,
002826.SZ,易明医药,2023-09-20,13.1645,13.1749,12.0614,12.0614,44231092,
002826.SZ,易明医药,2023-09-21,11.6451,12.207,11.5098,11.6763,26766252,
002826.SZ,易明医药,2023-09-22,11.5098,11.6451,11.2184,11.4161,20085000,
002826.SZ,易明医药,2023-09-25,11.3225,12.2175,11.2496,11.9677,28360501,
002826.SZ,易明医药,2023-09-26,11.7908,12.0822,11.7283,11.9469,17423801,
002826.SZ,易明医药,2023-09-27,11.9469,12.2279,11.8636,12.103,16087300,
002826.SZ,易明医药,2023-09-28,12.0926,12.1862,11.8844,11.9885,11237251,
002826.SZ,易明医药,2023-10-09,11.9053,11.9469,11.6451,11.7283,11525151,
002826.SZ,易明医药,2023-10-10,11.8844,11.9053,11.5514,11.6139,9943751,
002826.SZ,易明医药,2023-10-11,11.6243,12.1446,11.5618,11.9573,11281600,
002826.SZ,易明医药,2023-10-12,11.9677,12.2487,11.8948,12.1758,12358900,
002826.SZ,易明医药,2023-10-13,12.0301,12.3423,11.9469,12.2799,12114500,
002826.SZ,易明医药,2023-10-16,12.3319,12.488,12.0822,12.1966,11270251,
002826.SZ,易明医药,2023-10-17,12.207,12.2279,11.9053,12.0509,7290851,
002826.SZ,易明医药,2023-10-18,12.0405,12.0405,11.6555,11.7179,6124200,
002826.SZ,易明医药,2023-10-19,11.6867,11.7179,11.3641,11.4161,6116600,
002826.SZ,易明医药,2023-10-20,11.4057,11.5722,11.2496,11.3121,4708374,
002826.SZ,易明医药,2023-10-23,11.2496,11.3433,10.9895,11.0935,4793400,
002826.SZ,易明医药,2023-10-24,11.2496,11.4786,11.0519,11.3745,4582600,
002826.SZ,易明医药,2023-10-25,11.3953,11.6243,11.3745,11.5202,6766650,
002826.SZ,易明医药,2023-10-26,11.4578,11.5202,11.3433,11.4161,4486415,
002826.SZ,易明医药,2023-10-27,11.4057,11.8844,11.1456,11.8428,8569780,
002826.SZ,易明医药,2023-10-30,11.9261,12.5192,11.8428,12.2591,10005900,
002826.SZ,易明医药,2023-10-31,12.3111,12.488,12.1862,12.3319,7972214,
002826.SZ,易明医药,2023-11-01,12.3527,12.436,12.1862,12.3319,5848245,
002826.SZ,易明医药,2023-11-02,12.3631,12.488,12.2279,12.384,5142200,
002826.SZ,易明医药,2023-11-03,12.4984,12.5921,12.3631,12.4048,6920215,
002826.SZ,易明医药,2023-11-06,12.4256,13.2061,12.4048,12.7482,14411815,
002826.SZ,易明医药,2023-11-07,12.8523,12.8939,12.3944,12.436,11660400,
002826.SZ,易明医药,2023-11-08,12.3944,12.8002,12.3527,12.6025,8607000,
002826.SZ,易明医药,2023-11-09,12.6649,12.8523,12.5088,12.5609,6875000,
002826.SZ,易明医药,2023-11-10,12.4984,12.8002,12.384,12.5505,4062000,
002826.SZ,易明医药,2023-11-13,12.6545,13.3206,12.5192,12.9355,13329300,
002826.SZ,易明医药,2023-11-14,12.9043,12.9355,12.6025,12.7066,9532532,
002826.SZ,易明医药,2023-11-15,12.717,13.0916,12.6337,12.8002,7835505,
002826.SZ,易明医药,2023-11-16,12.7378,12.8002,12.5505,12.6025,7827300,
002826.SZ,易明医药,2023-11-17,12.6025,12.7378,12.4984,12.6753,4270500,
002826.SZ,易明医药,2023-11-20,12.7794,13.0708,12.717,12.9667,7639737,
002826.SZ,易明医药,2023-11-21,13.102,13.1436,12.8314,12.998,5925700,
002826.SZ,易明医药,2023-11-22,12.9147,13.05,12.8314,12.8314,4145100,
002826.SZ,易明医药,2023-11-23,12.8835,13.2061,12.8314,13.1332,7901900,
002826.SZ,易明医药,2023-11-24,13.1541,13.5599,13.0292,13.3518,10226146,
002826.SZ,易明医药,2023-11-27,13.6744,13.8201,13.05,13.1124,17260261,
002826.SZ,易明医药,2023-11-28,13.0084,13.2997,12.8002,13.2685,9467284,
002826.SZ,易明医药,2023-11-29,13.2165,13.331,12.9875,13.05,4671000,
002826.SZ,易明医药,2023-11-30,13.0604,13.1853,12.8419,13.1436,5714141,
002826.SZ,易明医药,2023-12-01,13.2165,13.4454,13.0396,13.0916,4828100,
002826.SZ,易明医药,2023-12-04,13.0812,13.3622,13.0396,13.1541,5265400,
002826.SZ,易明医药,2023-12-05,13.1645,13.2165,12.9147,13.0188,3966068,
002826.SZ,易明医药,2023-12-06,13.0292,13.0916,12.8106,12.9667,3883130,
002826.SZ,易明医药,2023-12-07,12.9771,13.0292,12.717,12.8106,3619800,
002826.SZ,易明医药,2023-12-08,12.821,12.8523,12.436,12.4776,4385100,
002826.SZ,易明医药,2023-12-11,12.384,12.6649,12.2903,12.5505,4795500,
002826.SZ,易明医药,2023-12-12,12.6129,12.8419,12.5713,12.6129,3934150,
002826.SZ,易明医药,2023-12-13,12.6129,13.0292,12.6129,12.8106,4285600,
002826.SZ,易明医药,2023-12-14,12.821,12.9667,12.6441,12.6545,3139237,
002826.SZ,易明医药,2023-12-15,12.6337,12.821,12.5505,12.6025,3175300,
002826.SZ,易明医药,2023-12-18,12.5817,12.8523,12.488,12.5297,3263200,
002826.SZ,易明医药,2023-12-19,12.5088,12.5817,12.3111,12.4672,2278300,
002826.SZ,易明医药,2023-12-20,12.4672,12.6337,12.3527,12.3736,2327600,
002826.SZ,易明医药,2023-12-21,12.4256,12.4256,12.0718,12.3736,2898000,
002826.SZ,易明医药,2023-12-22,12.4048,12.4048,12.0926,12.155,3060300,
002826.SZ,易明医药,2023-12-25,12.155,12.1862,11.9365,12.1238,2571400,
002826.SZ,易明医药,2023-12-26,12.103,12.2175,11.9261,11.9885,2273100,
002826.SZ,易明医药,2023-12-27,12.0093,12.155,11.9157,12.1134,2043600,
002826.SZ,易明医药,2023-12-28,12.1134,12.1758,11.8532,12.103,2850100,
002826.SZ,易明医药,2023-12-29,12.1238,12.4048,12.0718,12.3527,2680800,
002826.SZ,易明医药,2024-01-02,12.3527,12.7482,12.3215,12.6649,3391300,
002826.SZ,易明医药,2024-01-03,12.6753,12.9251,12.5921,12.717,3663300,
002826.SZ,易明医药,2024-01-04,12.6962,12.7898,12.5921,12.7274,2491500,
002826.SZ,易明医药,2024-01-05,12.717,12.7794,12.3007,12.3631,3611100,
002826.SZ,易明医药,2024-01-08,12.4568,12.5192,12.1446,12.155,2440500,
002826.SZ,易明医药,2024-01-09,12.2799,12.4256,12.155,12.2695,2695000,
002826.SZ,易明医药,2024-01-10,12.3319,12.3423,12.0822,12.1134,3203900,
002826.SZ,易明医药,2024-01-11,12.1134,12.3007,12.0197,12.2591,2483200,
002826.SZ,易明医药,2024-01-12,12.2799,12.384,12.0093,12.0093,2557500,
002826.SZ,易明医药,2024-01-15,11.9781,12.2799,11.9469,12.155,2571900,
002826.SZ,易明医药,2024-01-16,12.207,12.207,11.8116,12.0405,2519000,
002826.SZ,易明医药,2024-01-17,12.103,12.1654,11.7387,11.7492,2690000,
002826.SZ,易明医药,2024-01-18,11.7075,11.7492,11.2184,11.4994,4390600,
002826.SZ,易明医药,2024-01-19,11.5098,11.6867,11.3537,11.4057,3036650,
002826.SZ,易明医药,2024-01-22,11.4265,11.4474,10.5108,10.6148,3696700,
002826.SZ,易明医药,2024-01-23,10.6044,10.6877,10.2194,10.3755,4728300,
002826.SZ,易明医药,2024-01-24,10.3859,10.6252,10.0216,10.5524,5232200,
002826.SZ,易明医药,2024-01-25,10.5108,10.9687,10.4483,10.9687,3450100,
002826.SZ,易明医药,2024-01-26,10.9895,11.3433,10.9895,11.1248,4754840,
002826.SZ,易明医药,2024-01-29,11.1664,11.1664,10.6148,10.6877,3840700,
002826.SZ,易明医药,2024-01-30,10.5836,10.6252,10.0529,10.0529,5468300,
002826.SZ,易明医药,2024-01-31,10.0633,10.1777,9.1579,9.1891,6410200,
002826.SZ,易明医药,2024-02-01,9.1787,9.2932,8.8561,9.1267,6236800,
002826.SZ,易明医药,2024-02-02,9.1579,9.366,8.2109,8.367,6679300,
002826.SZ,易明医药,2024-02-05,8.3462,8.419,7.5344,7.5344,5121700,
002826.SZ,易明医药,2024-02-06,6.9309,7.3783,6.7852,7.1286,16810650,
002826.SZ,易明医药,2024-02-07,7.1286,7.1598,6.4209,6.4313,19899610,
002826.SZ,易明医药,2024-02-08,6.4417,7.0765,5.7965,7.0765,20744101,
002826.SZ,易明医药,2024-02-19,7.1494,7.6177,7.0661,7.4512,13006663,
002826.SZ,易明医药,2024-02-20,7.4512,7.7322,7.2951,7.6697,8282200,
002826.SZ,易明医药,2024-02-21,7.5449,8.1693,7.4928,7.8362,7721400,
002826.SZ,易明医药,2024-02-22,7.805,8.2109,7.7842,8.2109,6865086,
002826.SZ,易明医药,2024-02-23,8.2941,8.5127,8.1172,8.4815,6905640,
002826.SZ,易明医药,2024-02-26,8.471,8.8561,8.3982,8.648,8852613,
002826.SZ,易明医药,2024-02-27,8.6376,8.8457,8.5959,8.8353,8180890,
002826.SZ,易明医药,2024-02-28,8.8977,9.2411,7.9611,7.9611,14595090,
002826.SZ,易明医药,2024-02-29,7.9611,8.3878,7.753,8.3566,9721900,
002826.SZ,易明医药,2024-03-01,8.3462,8.5127,8.138,8.3045,6300400,
002826.SZ,易明医药,2024-03-04,8.3566,8.6063,8.2837,8.4398,7355000,
002826.SZ,易明医药,2024-03-05,8.4398,8.4502,8.0964,8.1276,6451200,
002826.SZ,易明医药,2024-03-06,8.1588,8.2525,8.0236,8.1901,4590000,
002826.SZ,易明医药,2024-03-07,8.1901,8.3254,8.1172,8.138,4866500,
002826.SZ,易明医药,2024-03-08,8.1068,8.2421,8.0756,8.2317,3666900,
002826.SZ,易明医药,2024-03-11,8.2317,8.3254,8.0964,8.3254,4917200,
002826.SZ,易明医药,2024-03-12,8.3462,8.6376,8.3462,8.6063,7585500,
002826.SZ,易明医药,2024-03-13,8.6271,8.6792,8.4606,8.6063,5087575,
002826.SZ,易明医药,2024-03-14,8.7208,8.8457,8.3982,8.5959,6118537,
002826.SZ,易明医药,2024-03-15,8.5855,8.7728,8.4919,8.7312,5295822,
002826.SZ,易明医药,2024-03-18,8.7312,9.0642,8.6792,9.033,8125037,
002826.SZ,易明医药,2024-03-19,9.1059,9.3972,9.0122,9.1163,8597000,
002826.SZ,易明医药,2024-03-20,9.0434,9.3452,9.0122,9.3452,7166152,
002826.SZ,易明医药,2024-03-21,9.3452,9.4285,9.1163,9.2724,6768700,
002826.SZ,易明医药,2024-03-22,9.2203,9.262,8.8873,8.9914,6304141,
002826.SZ,易明医药,2024-03-25,8.9706,9.0746,8.6792,8.7,5358075,
002826.SZ,易明医药,2024-03-26,8.6896,8.7624,8.471,8.6271,4429700,
002826.SZ,易明医药,2024-03-27,8.6584,8.7728,8.5023,8.5127,5290037,
002826.SZ,易明医药,2024-03-28,8.4815,8.8249,8.4398,8.7312,5249600,
002826.SZ,易明医药,2024-03-29,8.7312,9.0746,8.7104,9.0018,6876700,
002826.SZ,易明医药,2024-04-01,9.0018,9.1787,8.8977,9.1787,5751200,
002826.SZ,易明医药,2024-04-02,9.1995,9.314,9.0954,9.1683,4997494,
002826.SZ,易明医药,2024-04-03,9.1891,9.2828,9.0746,9.2411,5238900,
002826.SZ,易明医药,2024-04-08,9.1475,9.1891,8.7,8.7312,6261500,
002826.SZ,易明医药,2024-04-09,8.7104,8.9914,8.6271,8.9602,4268941,
002826.SZ,易明医药,2024-04-10,8.9602,9.0018,8.6167,8.7208,4416500,
002826.SZ,易明医药,2024-04-11,8.7,8.8977,8.5647,8.6792,4119900,
002826.SZ,易明医药,2024-04-12,8.6792,9.0434,8.6688,8.8041,7084500,
002826.SZ,易明医药,2024-04-15,8.6896,8.6896,7.9195,8.0548,10303600,
002826.SZ,易明医药,2024-04-16,8.0132,8.0132,7.2639,7.2743,8882300,
002826.SZ,易明医药,2024-04-17,7.3263,8.0027,7.3263,8.0027,3195700,
002826.SZ,易明医药,2024-04-18,8.2317,8.6167,8.0964,8.3045,10642100,
002826.SZ,易明医药,2024-04-19,8.2317,8.471,8.2213,8.2525,6433641,
002826.SZ,易明医药,2024-04-22,8.1797,8.367,7.8466,7.9299,5629308,
002826.SZ,易明医药,2024-04-23,7.9507,8.3045,7.9195,8.1901,4396500,
002826.SZ,易明医药,2024-04-24,8.2213,8.3774,8.1484,8.3358,3775800,
002826.SZ,易明医药,2024-04-25,8.3358,8.8769,8.3254,8.8561,7402000,
002826.SZ,易明医药,2024-04-26,8.9498,9.0642,8.8457,8.9706,10194900,
002826.SZ,易明医药,2024-04-29,8.9602,9.2515,8.9393,9.2411,6506308,
002826.SZ,易明医药,2024-04-30,9.2411,9.3244,9.1371,9.2724,6748000,
002826.SZ,易明医药,2024-05-06,9.3348,9.5846,9.3036,9.5637,7842100,
002826.SZ,易明医药,2024-05-07,9.5221,9.7094,9.4805,9.6782,7308400,
002826.SZ,易明医药,2024-05-08,9.6366,9.8447,9.5533,9.647,6138900,
002826.SZ,易明医药,2024-05-09,9.6678,9.9384,9.5637,9.8031,5751400,
002826.SZ,易明医药,2024-05-10,9.8031,9.8343,9.4389,9.5117,5985400,
002826.SZ,易明医药,2024-05-13,9.5013,9.6054,9.3972,9.4701,6452800,
002826.SZ,易明医药,2024-05-14,9.4493,10.3963,9.4493,10.1361,15653834,
002826.SZ,易明医药,2024-05-15,10.0008,10.0425,9.7407,9.7719,8723134,
002826.SZ,易明医药,2024-05-16,9.7407,9.8968,9.6366,9.6782,4501205,
002826.SZ,易明医药,2024-05-17,9.7407,9.7927,9.5742,9.647,3833100,
002826.SZ,易明医药,2024-05-20,9.647,9.8551,9.6366,9.8135,4639400,
002826.SZ,易明医药,2024-05-21,9.7823,9.7927,9.6262,9.7094,3429900,
002826.SZ,易明医药,2024-05-22,9.5846,9.7927,9.5846,9.647,3042200,
002826.SZ,易明医药,2024-05-23,9.595,9.647,9.2411,9.3244,4774505,
002826.SZ,易明医药,2024-05-24,9.2515,9.4805,9.2099,9.3348,3274200,
002826.SZ,易明医药,2024-05-27,9.3868,9.5637,9.2724,9.4389,4635400,
002826.SZ,易明医药,2024-05-28,9.5013,9.5221,9.1683,9.1891,4725400,
002826.SZ,易明医药,2024-05-29,9.1891,9.3556,9.0746,9.2932,4190234,
002826.SZ,易明医药,2024-05-30,9.262,9.4076,9.1475,9.1683,3372134,
002826.SZ,易明医药,2024-05-31,9.1683,9.3458,9.1474,9.2832,2861434,
002826.SZ,易明医药,2024-06-03,9.3145,9.4294,9.043,9.1056,4656100,
002826.SZ,易明医药,2024-06-04,9.1056,9.1056,8.7715,8.8759,4777905,
002826.SZ,易明医药,2024-06-05,8.8446,8.8446,8.5731,8.5731,3757000,
002826.SZ,易明医药,2024-06-06,8.6671,8.6775,8.0614,8.1867,9112100,
002826.SZ,易明医药,2024-06-07,8.3016,8.8028,8.3016,8.7193,6259000,
002826.SZ,易明医药,2024-06-11,8.8028,8.8028,8.4165,8.4895,4822200,
002826.SZ,易明医药,2024-06-12,8.4791,8.7819,8.4687,8.7402,3091300,
002826.SZ,易明医药,2024-06-13,8.761,8.8028,8.5104,8.6149,2995100,
002826.SZ,易明医药,2024-06-14,8.6149,8.6566,8.4687,8.5313,3104100,
002826.SZ,易明医药,2024-06-17,8.5313,8.5313,8.2807,8.312,3017500,
002826.SZ,易明医药,2024-06-18,8.3538,8.4791,8.2285,8.406,2785400,
002826.SZ,易明医药,2024-06-19,8.4895,8.5104,8.3434,8.4478,3300700,
002826.SZ,易明医药,2024-06-20,8.406,8.4895,8.1136,8.1658,4079100,
002826.SZ,易明医药,2024-06-21,8.2285,8.3851,7.9883,8.2494,2286200,
002826.SZ,易明医药,2024-06-24,8.1972,8.2181,7.7899,7.8317,4196501,
002826.SZ,易明医药,2024-06-25,7.8317,8.0196,7.7795,7.9466,2760100,
002826.SZ,易明医药,2024-06-26,7.8526,8.2598,7.8526,8.2494,2809999,
002826.SZ,易明医药,2024-06-27,8.2181,8.3747,8.1136,8.1867,2663999,
002826.SZ,易明医药,2024-06-28,8.2285,8.4478,8.0927,8.2807,2877000,
002826.SZ,易明医药,2024-07-01,8.2285,8.4165,8.1136,8.3747,2860400,
002826.SZ,易明医药,2024-07-02,8.3747,8.5522,8.2807,8.5,2841600,
002826.SZ,易明医药,2024-07-03,8.5,8.5104,8.3538,8.3956,1991500,
002826.SZ,易明医药,2024-07-04,8.3956,8.4269,7.957,7.9883,3005740,
002826.SZ,易明医药,2024-07-05,7.9779,8.406,7.8839,8.3329,3877200,
002826.SZ,易明医药,2024-07-08,8.3329,8.4269,8.0405,8.1032,3631000,
002826.SZ,易明医药,2024-07-09,8.1345,8.2076,7.7899,8.1658,3685500,
002826.SZ,易明医药,2024-07-10,8.1554,8.2494,8.0092,8.051,2496400,
002826.SZ,易明医药,2024-07-11,8.1658,8.4687,8.1658,8.4165,3854300,
002826.SZ,易明医药,2024-07-12,8.4165,8.6044,8.3956,8.4582,3199500,
002826.SZ,易明医药,2024-07-15,8.6462,8.6775,8.1032,8.1554,7442651,
002826.SZ,易明医药,2024-07-16,8.2181,8.2389,8.051,8.1241,3574400,
002826.SZ,易明医药,2024-07-17,8.0719,8.4373,8.0719,8.2181,6441400,
002826.SZ,易明医药,2024-07-18,8.1763,8.406,7.9674,8.3642,5163901,
002826.SZ,易明医药,2024-07-19,8.3642,8.4165,8.2703,8.3851,4377100,
002826.SZ,易明医药,2024-07-22,8.3851,8.6462,8.3851,8.6253,5136100,
002826.SZ,易明医药,2024-07-23,8.6149,8.6566,8.4373,8.4895,3605300,
002826.SZ,易明医药,2024-07-24,8.4269,8.4582,8.2807,8.3434,2916600,
002826.SZ,易明医药,2024-07-25,8.3329,8.4582,8.1763,8.3747,2741401,
002826.SZ,易明医药,2024-07-26,8.3851,8.5418,8.3642,8.5418,3127101,
002826.SZ,易明医药,2024-07-29,8.5522,8.594,8.4269,8.5,2554300,
002826.SZ,易明医药,2024-07-30,8.4895,8.6149,8.406,8.4165,3662500,
002826.SZ,易明医药,2024-07-31,8.3538,8.6357,8.3016,8.6357,5730700,
002826.SZ,易明医药,2024-08-01,8.6357,8.8341,8.6044,8.7924,4951400,
002826.SZ,易明医药,2024-08-02,8.7819,9.0117,8.6671,8.8341,6491700,
002826.SZ,易明医药,2024-08-05,8.8237,8.9386,8.5626,8.6149,5727300,
002826.SZ,易明医药,2024-08-06,8.6671,9.1474,8.6357,9.0012,9627447,
002826.SZ,易明医药,2024-08-07,8.9803,9.0012,8.8341,8.9177,5449064,
002826.SZ,易明医药,2024-08-08,8.8864,9.0534,8.8446,8.8968,5463579,
002826.SZ,易明医药,2024-08-09,8.9803,8.9908,8.7924,8.8237,4107900,
002826.SZ,易明医药,2024-08-12,8.7819,9.0743,8.7506,8.9908,4858564,
002826.SZ,易明医药,2024-08-13,8.9699,9.1161,8.855,9.0952,4954600,
002826.SZ,易明医药,2024-08-14,9.043,9.2101,8.9386,8.9595,3518400,
002826.SZ,易明医药,2024-08-15,8.9072,9.043,8.8864,8.9699,3564700,
002826.SZ,易明医药,2024-08-16,8.9386,8.9699,8.8446,8.9177,4623700,
002826.SZ,易明医药,2024-08-19,8.8446,8.8968,8.6044,8.6566,5261800,
002826.SZ,易明医药,2024-08-20,8.6984,8.7402,8.2807,8.3956,4584666,
002826.SZ,易明医药,2024-08-21,8.3538,8.4582,8.2703,8.3747,2809100,
002826.SZ,易明医药,2024-08-22,8.3747,8.4373,8.1972,8.2285,2591546,
002826.SZ,易明医药,2024-08-23,8.2285,8.2389,7.9674,8.0405,2693600,
002826.SZ,易明医药,2024-08-26,8.0405,8.2389,7.9779,8.2285,2609300,
002826.SZ,易明医药,2024-08-27,8.2285,8.4165,8.2285,8.2598,2967400,
002826.SZ,易明医药,2024-08-28,8.2285,8.4895,8.145,8.3851,2988900,
002826.SZ,易明医药,2024-08-29,8.3538,8.4478,8.2703,8.4165,2939700,
002826.SZ,易明医药,2024-08-30,8.4373,8.6984,8.406,8.6044,3740250,
002826.SZ,易明医药,2024-09-02,8.5731,8.6462,8.3747,8.4373,3092000,
002826.SZ,易明医药,2024-09-03,8.5626,8.5626,8.3225,8.406,2816000,
002826.SZ,易明医药,2024-09-04,8.3538,8.4895,8.2807,8.3016,2654700,
002826.SZ,易明医药,2024-09-05,8.312,8.5835,8.312,8.5731,3434200,
002826.SZ,易明医药,2024-09-06,8.5418,8.594,8.3851,8.4165,2967800,
002826.SZ,易明医药,2024-09-09,8.3642,8.5731,8.2911,8.4582,2746000,
002826.SZ,易明医药,2024-09-10,8.4791,8.5418,8.2911,8.4478,2643700,
002826.SZ,易明医药,2024-09-11,8.3851,8.4269,8.2703,8.3434,2206700,
002826.SZ,易明医药,2024-09-12,8.3747,8.4582,8.3016,8.3016,1896900,
002826.SZ,易明医药,2024-09-13,8.3016,8.3225,8.1554,8.1554,2210500,
002826.SZ,易明医药,2024-09-18,8.1554,8.1867,7.863,7.9048,3179000,
002826.SZ,易明医药,2024-09-19,7.9988,8.2598,7.9361,8.1972,3153800,
002826.SZ,易明医药,2024-09-20,8.1867,8.1972,7.957,7.9988,2821100,
002826.SZ,易明医药,2024-09-23,7.957,8.145,7.957,8.0719,1888400,
002826.SZ,易明医药,2024-09-24,8.1554,8.2807,8.0405,8.2703,3081500,
002826.SZ,易明医药,2024-09-25,8.3538,8.5418,8.3329,8.4373,3988250,
002826.SZ,易明医药,2024-09-26,8.406,8.6044,8.406,8.6044,3500400,
002826.SZ,易明医药,2024-09-27,8.688,9.0117,8.6044,8.8864,6208832,
002826.SZ,易明医药,2024-09-30,9.1892,9.6591,8.949,9.5755,11077400,
002826.SZ,易明医药,2024-10-08,10.484,10.5258,9.4816,10.0872,15414050,
002826.SZ,易明医药,2024-10-09,10.0141,10.0141,9.0848,9.1056,11415257,
002826.SZ,易明医药,2024-10-10,9.1056,9.6069,9.1056,9.2936,6522500,
002826.SZ,易明医药,2024-10-11,9.2936,9.3667,8.9386,9.0743,5540325,
002826.SZ,易明医药,2024-10-14,9.1056,9.3771,8.9386,9.3667,5115100,
002826.SZ,易明医药,2024-10-15,9.3771,9.4189,9.1892,9.1996,3298500,
002826.SZ,易明医药,2024-10-16,9.1265,9.4398,9.1265,9.4189,5898637,
002826.SZ,易明医药,2024-10-17,9.4607,9.6069,9.2936,9.2936,5507100,
002826.SZ,易明医药,2024-10-18,9.2309,9.5651,9.1683,9.398,6127950,
002826.SZ,易明医药,2024-10-21,9.4398,9.6904,9.2414,9.5129,7040055,
002826.SZ,易明医药,2024-10-22,9.5129,9.8679,9.4816,9.8157,8002932,
002826.SZ,易明医药,2024-10-23,9.8053,9.8784,9.6173,9.7217,6237800,
002826.SZ,易明医药,2024-10-24,9.6695,9.8993,9.6695,9.7739,4883700,
002826.SZ,易明医药,2024-10-25,9.7635,10.2125,9.7217,9.9723,8119300,
002826.SZ,易明医药,2024-10-28,9.9932,10.9539,9.9619,10.7346,13293407,
002826.SZ,易明医药,2024-10-29,10.6302,10.8913,10.1916,10.2438,11244900,
002826.SZ,易明医药,2024-10-30,10.1812,10.3274,9.8679,9.9932,6805883,
002826.SZ,易明医药,2024-10-31,10.0663,10.5676,10.0246,10.223,7986046,
002826.SZ,易明医药,2024-11-01,10.223,10.2543,9.5964,9.6173,7889880,
002826.SZ,易明医药,2024-11-04,9.7426,9.8575,9.5651,9.847,5489100,
002826.SZ,易明医药,2024-11-05,9.8784,10.1499,9.7739,10.0977,6414684,
002826.SZ,易明医药,2024-11-06,10.1081,10.5258,9.9306,10.2125,7124100,
002826.SZ,易明医药,2024-11-07,10.1708,10.8913,10.0454,10.7764,9922624,
002826.SZ,易明医药,2024-11-08,10.8077,11.852,10.8077,11.852,12158133,
002826.SZ,易明医药,2024-11-11,11.7475,12.0399,11.1419,12.0086,24883526,
002826.SZ,易明医药,2024-11-12,11.925,12.8022,11.7789,12.1548,18243295,
002826.SZ,易明医药,2024-11-13,12.0295,12.6247,11.664,11.852,11418200,
002826.SZ,易明医药,2024-11-14,11.8624,11.8937,11.4865,11.5491,8030595,
002826.SZ,易明医药,2024-11-15,11.5491,11.9564,11.2776,11.309,6658300,
002826.SZ,易明医药,2024-11-18,11.4343,11.4865,10.7555,10.9122,6095500,
002826.SZ,易明医药,2024-11-19,10.9122,11.1732,10.766,11.0897,4948005,
002826.SZ,易明医药,2024-11-20,11.0583,11.5387,11.0166,11.5074,6385500,
002826.SZ,易明医药,2024-11-21,11.5282,11.8624,11.3821,11.758,5828160,
002826.SZ,易明医药,2024-11-22,11.664,11.9773,11.4343,11.5387,5858500,
002826.SZ,易明医药,2024-11-25,11.6431,12.1339,11.4238,11.9773,7576700,
002826.SZ,易明医药,2024-11-26,12.0817,13.1781,12.0817,12.7187,22715872,
002826.SZ,易明医药,2024-11-27,12.4367,12.5307,11.852,12.2174,13972700,
002826.SZ,易明医药,2024-11-28,12.2174,12.4785,12.1757,12.3114,6528274,
002826.SZ,易明医药,2024-11-29,12.2279,12.3532,12.0608,12.1443,5264800,
002826.SZ,易明医药,2024-12-02,12.1235,12.3219,12.0712,12.2383,3484500,
002826.SZ,易明医药,2024-12-03,12.2801,12.7082,12.1548,12.5516,6671700,
002826.SZ,易明医药,2024-12-04,12.4889,13.0006,12.4576,12.5829,5825900,
002826.SZ,易明医药,2024-12-05,12.4785,12.8231,12.4576,12.656,4322600,
002826.SZ,易明医药,2024-12-06,12.656,12.6978,11.3925,12.0504,9382300,
002826.SZ,易明医药,2024-12-09,12.3323,13.2512,12.3219,13.2512,21042100,
002826.SZ,易明医药,2024-12-10,13.3661,13.7838,12.9171,12.9275,22990900,
002826.SZ,易明医药,2024-12-11,13.0319,14.2223,13.0006,13.8882,31504700,
002826.SZ,易明医药,2024-12-12,13.9091,14.0553,13.4705,13.5332,19055500,
002826.SZ,易明医药,2024-12-13,13.5332,13.6376,13.2721,13.2721,7290280,
002826.SZ,易明医药,2024-12-16,13.5436,13.8047,13.2721,13.3765,7787900,
002826.SZ,易明医药,2024-12-17,13.4914,13.836,12.6038,12.6873,8471765,
002826.SZ,易明医药,2024-12-18,12.8126,12.9693,12.3323,12.7813,6433500,
002826.SZ,易明医药,2024-12-19,12.7082,12.7082,12.2592,12.5307,3758703,
002826.SZ,易明医药,2024-12-20,12.4994,12.8335,12.3741,12.7813,3058185,
002826.SZ,易明医药,2024-12-23,12.7709,12.7709,11.8624,11.8937,7429738,
002826.SZ,易明医药,2024-12-24,11.852,12.0399,11.5805,11.7789,4272097,
002826.SZ,易明医药,2024-12-25,11.7266,11.7684,10.6615,10.8808,8496346,
002826.SZ,易明医药,2024-12-26,10.8913,11.2254,10.7973,10.9957,5038648,
002826.SZ,易明医药,2024-12-27,10.9957,11.2359,10.9122,11.2254,3669363,
002826.SZ,易明医药,2024-12-30,11.1732,11.2567,10.6511,11.1523,4555900,
002826.SZ,易明医药,2024-12-31,11.1523,11.4343,10.8182,10.8182,4099450,
