代码,简称,日期,开盘价(元),最高价(元),最低价(元),收盘价(元),成交量(股),
301137.SZ,哈焊华通,2022-03-22,26,28.53,23.51,23.67,29751767,
301137.SZ,哈焊华通,2022-03-23,24.5,25.1,21.89,24.93,27203904,
301137.SZ,哈焊华通,2022-03-24,24.12,27.2,24.12,25.38,26819615,
301137.SZ,哈焊华通,2022-03-25,24.89,27.88,24.08,27.02,25619278,
301137.SZ,哈焊华通,2022-03-28,27.01,28.28,25.67,28,21220898,
301137.SZ,哈焊华通,2022-03-29,27.2,27.52,23.8,25.8,21828046,
301137.SZ,哈焊华通,2022-03-30,25.3,26.27,24,25.85,17181649,
301137.SZ,哈焊华通,2022-03-31,25.29,26.26,21.95,22.06,18412294,
301137.SZ,哈焊华通,2022-04-01,20.7,21.17,19.51,19.51,15243285,
301137.SZ,哈焊华通,2022-04-06,19.26,20.1,18.93,19.88,11726585,
301137.SZ,哈焊华通,2022-04-07,19.49,20.97,19.25,20.55,13093204,
301137.SZ,哈焊华通,2022-04-08,20,20.27,18.61,18.88,9144860,
301137.SZ,哈焊华通,2022-04-11,18.27,18.7,17.41,17.56,7181036,
301137.SZ,哈焊华通,2022-04-12,17.4,18.26,17.2,17.98,5785803,
301137.SZ,哈焊华通,2022-04-13,17.78,17.88,17.01,17.1,5739831,
301137.SZ,哈焊华通,2022-04-14,17.18,17.62,17.11,17.12,4717724,
301137.SZ,哈焊华通,2022-04-15,17.32,17.98,17.16,17.44,6229905,
301137.SZ,哈焊华通,2022-04-18,17.34,18.4,16.31,18.14,8559998,
301137.SZ,哈焊华通,2022-04-19,17.98,19.99,17.76,18.9,10326134,
301137.SZ,哈焊华通,2022-04-20,18.92,20.75,18.61,19.93,13392622,
301137.SZ,哈焊华通,2022-04-21,21.29,22.8,19.53,20.35,16738703,
301137.SZ,哈焊华通,2022-04-22,18.52,20.8,18.01,18.55,12332549,
301137.SZ,哈焊华通,2022-04-25,18.26,18.49,16.01,16.05,10148377,
301137.SZ,哈焊华通,2022-04-26,15.56,16.5,14.87,15.2,8418724,
301137.SZ,哈焊华通,2022-04-27,14.82,15.58,14.62,15.44,6024907,
301137.SZ,哈焊华通,2022-04-28,15.12,15.75,14.61,14.66,6828813,
301137.SZ,哈焊华通,2022-04-29,14.95,17.58,14.95,16.04,10865251,
301137.SZ,哈焊华通,2022-05-05,15.94,16.9,15.78,16.6,6616298,
301137.SZ,哈焊华通,2022-05-06,16.03,17.3,16.03,16.38,5814088,
301137.SZ,哈焊华通,2022-05-09,16.5,16.9,16.29,16.8,4818621,
301137.SZ,哈焊华通,2022-05-10,16.7,17.98,16.45,17.57,8551956,
301137.SZ,哈焊华通,2022-05-11,17.41,17.89,16.98,16.98,7264087,
301137.SZ,哈焊华通,2022-05-12,16.86,17.24,16.68,16.99,4704099,
301137.SZ,哈焊华通,2022-05-13,17.49,17.77,16.81,17.2,4606541,
301137.SZ,哈焊华通,2022-05-16,17.09,17.41,16.8,16.96,3111577,
301137.SZ,哈焊华通,2022-05-17,16.9,17.27,16.29,16.8,3520710,
301137.SZ,哈焊华通,2022-05-18,16.84,20.16,16.61,18.73,15992900,
301137.SZ,哈焊华通,2022-05-19,17.73,19.45,17.7,18.2,15764368,
301137.SZ,哈焊华通,2022-05-20,18.7,18.94,17.76,18.26,11088716,
301137.SZ,哈焊华通,2022-05-23,18,18.21,17.86,18.04,6151032,
301137.SZ,哈焊华通,2022-05-24,18.01,18.81,17.14,17.26,11005754,
301137.SZ,哈焊华通,2022-05-25,17.07,17.77,16.92,17.48,6933195,
301137.SZ,哈焊华通,2022-05-26,17.6,18.2,16.63,17.4,6946133,
301137.SZ,哈焊华通,2022-05-27,17.8,19.6,17.8,18.39,12280920,
301137.SZ,哈焊华通,2022-05-30,18.68,22.07,18.5,22.07,25867332,
301137.SZ,哈焊华通,2022-05-31,21.76,21.76,19.5,20.04,23389912,
301137.SZ,哈焊华通,2022-06-01,19.77,21.5,19.77,20.25,18310145,
301137.SZ,哈焊华通,2022-06-02,20.1,20.68,19.34,19.43,14444647,
301137.SZ,哈焊华通,2022-06-06,19.24,19.96,19.24,19.6,10894434,
301137.SZ,哈焊华通,2022-06-07,19.7,20.75,19.49,20.17,14967573,
301137.SZ,哈焊华通,2022-06-08,19.75,19.79,18.66,19.05,11807559,
301137.SZ,哈焊华通,2022-06-09,19,19.41,17.93,17.99,8794745,
301137.SZ,哈焊华通,2022-06-10,18.12,18.39,18.07,18.31,5374338,
301137.SZ,哈焊华通,2022-06-13,18.11,18.76,18.11,18.56,6099019,
301137.SZ,哈焊华通,2022-06-14,18.35,18.53,17.63,18.44,5875865,
301137.SZ,哈焊华通,2022-06-15,18.53,18.65,18,18.04,5368418,
301137.SZ,哈焊华通,2022-06-16,17.99,18.33,17.76,17.91,4318661,
301137.SZ,哈焊华通,2022-06-17,17.72,18.06,17.4,17.87,4476586,
301137.SZ,哈焊华通,2022-06-20,17.86,18.37,17.86,18.23,4247430,
301137.SZ,哈焊华通,2022-06-21,18.18,18.62,17.88,18.1,4774574,
301137.SZ,哈焊华通,2022-06-22,18.2,18.23,17.41,17.41,3823227,
301137.SZ,哈焊华通,2022-06-23,17.4602,18.1434,17.4401,17.8721,3971730,
301137.SZ,哈焊华通,2022-06-24,17.8822,18.4447,17.8822,18.1132,4966515,
301137.SZ,哈焊华通,2022-06-27,18.2639,18.4447,17.8721,18.1132,4183671,
301137.SZ,哈焊华通,2022-06-28,18.0329,18.6256,17.8721,18.5452,5899147,
301137.SZ,哈焊华通,2022-06-29,18.3141,18.3845,17.5406,17.5707,6045364,
301137.SZ,哈焊华通,2022-06-30,17.5808,17.8721,17.4602,17.6109,3107302,
301137.SZ,哈焊华通,2022-07-01,17.6109,18.1333,17.3899,17.8721,4067435,
301137.SZ,哈焊华通,2022-07-04,17.8721,18.1333,17.6009,18.073,3304092,
301137.SZ,哈焊华通,2022-07-05,18.0931,18.1233,17.5004,17.5808,3314752,
301137.SZ,哈焊华通,2022-07-06,17.5808,17.7415,16.8575,16.968,3749082,
301137.SZ,哈焊华通,2022-07-07,16.9981,17.2794,16.8575,16.978,1919700,
301137.SZ,哈焊华通,2022-07-08,17.0785,17.3799,16.978,17.0483,2304287,
301137.SZ,哈焊华通,2022-07-11,16.968,17.2091,16.6766,16.8474,2573978,
301137.SZ,哈焊华通,2022-07-12,16.8173,16.9378,16.3351,16.3652,2555337,
301137.SZ,哈焊华通,2022-07-13,16.4054,17.0383,16.3351,16.9278,3014287,
301137.SZ,哈焊华通,2022-07-14,16.9278,17.41,16.8474,17.3296,3063100,
301137.SZ,哈焊华通,2022-07-15,17.1789,17.7917,17.1789,17.41,3734718,
301137.SZ,哈焊华通,2022-07-18,17.2794,17.842,17.2493,17.621,2721254,
301137.SZ,哈焊华通,2022-07-19,17.6109,17.7415,17.4602,17.621,2328200,
301137.SZ,哈焊华通,2022-07-20,17.7616,18.2137,17.5004,18.1635,4741837,
301137.SZ,哈焊华通,2022-07-21,18.0027,18.1735,17.8822,18.0027,3148989,
301137.SZ,哈焊华通,2022-07-22,17.8219,18.2338,17.7516,17.9826,2449828,
301137.SZ,哈焊华通,2022-07-25,17.9826,18.1635,17.5808,17.6109,1970694,
301137.SZ,哈焊华通,2022-07-26,17.6812,17.7717,17.1488,17.7013,1849857,
301137.SZ,哈焊华通,2022-07-27,17.6913,18.0429,17.6611,18.0027,2334606,
301137.SZ,哈焊华通,2022-07-28,18.1032,18.7562,18.0128,18.5954,6858393,
301137.SZ,哈焊华通,2022-07-29,18.5854,18.6256,18.2036,18.2338,4165837,
301137.SZ,哈焊华通,2022-08-01,18.2237,18.6859,18.063,18.6658,4732245,
301137.SZ,哈焊华通,2022-08-02,18.4849,18.7361,17.7415,17.7717,5899586,
301137.SZ,哈焊华通,2022-08-03,17.6812,18.8868,17.6812,17.9927,7397096,
301137.SZ,哈焊华通,2022-08-04,17.8721,18.6658,17.8721,18.5653,7066113,
301137.SZ,哈焊华通,2022-08-05,18.5352,18.6356,17.8018,18.2137,6724086,
301137.SZ,哈焊华通,2022-08-08,18.0931,18.5653,17.842,18.4648,5318591,
301137.SZ,哈焊华通,2022-08-09,18.3744,19.0475,18.3744,18.8767,8863069,
301137.SZ,哈焊华通,2022-08-10,18.7964,19.1681,18.5653,19.0877,7696034,
301137.SZ,哈焊华通,2022-08-11,18.937,19.0676,18.5352,18.716,6337818,
301137.SZ,哈焊华通,2022-08-12,18.6859,18.7059,18.1132,18.1936,4813984,
301137.SZ,哈焊华通,2022-08-15,18.2338,18.3543,17.9625,18.1132,3116447,
301137.SZ,哈焊华通,2022-08-16,18.1233,18.9672,18.0329,18.8566,7839382,
301137.SZ,哈焊华通,2022-08-17,18.4849,18.5653,17.2794,17.6812,9675234,
301137.SZ,哈焊华通,2022-08-18,17.5305,17.6511,17.3497,17.5305,3766611,
301137.SZ,哈焊华通,2022-08-19,17.5205,17.5808,16.8072,16.8374,5677202,
301137.SZ,哈焊华通,2022-08-22,16.6364,16.8675,16.5762,16.8072,2133392,
301137.SZ,哈焊华通,2022-08-23,16.7469,17.0383,16.6063,16.9479,2936397,
301137.SZ,哈焊华通,2022-08-24,16.9278,16.9378,16.3652,16.3652,2951765,
301137.SZ,哈焊华通,2022-08-25,16.3953,16.4556,15.8629,16.114,2178700,
301137.SZ,哈焊华通,2022-08-26,16.1542,16.3049,16.0236,16.1341,1369042,
301137.SZ,哈焊华通,2022-08-29,15.8729,16.2647,15.8729,16.2547,1219700,
301137.SZ,哈焊华通,2022-08-30,16.1743,16.4355,16.0538,16.1844,1115857,
301137.SZ,哈焊华通,2022-08-31,16.1844,16.1844,15.4209,15.5213,2042595,
301137.SZ,哈焊华通,2022-09-01,15.5715,15.8528,15.5715,15.5715,1200212,
301137.SZ,哈焊华通,2022-09-02,15.7423,15.9633,15.5916,15.8227,1027420,
301137.SZ,哈焊华通,2022-09-05,15.8026,15.9433,15.6921,15.7021,895977,
301137.SZ,哈焊华通,2022-09-06,15.7021,15.9433,15.6218,15.9232,1089177,
301137.SZ,哈焊华通,2022-09-07,15.9131,16.114,15.7926,16.0136,1317753,
301137.SZ,哈焊华通,2022-09-08,16.0136,16.6163,15.8227,16.4958,3508014,
301137.SZ,哈焊华通,2022-09-09,16.2848,16.5159,16.1542,16.1643,2287853,
301137.SZ,哈焊华通,2022-09-13,16.0839,16.3451,15.883,15.9332,1640455,
301137.SZ,哈焊华通,2022-09-14,15.6419,16.1944,15.6419,16.1944,1493187,
301137.SZ,哈焊华通,2022-09-15,16.978,17.2794,15.9935,16.1844,3484498,
301137.SZ,哈焊华通,2022-09-16,15.2199,15.7524,15.2199,15.3103,2663631,
301137.SZ,哈焊华通,2022-09-19,15.2199,15.3304,14.6774,14.6975,1701028,
301137.SZ,哈焊华通,2022-09-20,14.8181,15.4711,14.8181,15.3706,1993551,
301137.SZ,哈焊华通,2022-09-21,15.2702,15.3807,15.1396,15.2099,1236000,
301137.SZ,哈焊华通,2022-09-22,14.8382,15.3003,14.7679,14.9286,2594542,
301137.SZ,哈焊华通,2022-09-23,14.8985,15.009,14.3158,14.7277,2933447,
301137.SZ,哈焊华通,2022-09-26,14.6473,14.808,14.3761,14.5167,1637770,
301137.SZ,哈焊华通,2022-09-27,14.5669,15.1195,14.4765,15.0491,1857420,
301137.SZ,哈焊华通,2022-09-28,15.6821,15.9935,14.4665,14.4665,3931704,
301137.SZ,哈焊华通,2022-09-29,14.3861,14.6774,13.9943,14.2756,2814922,
301137.SZ,哈焊华通,2022-09-30,14.9688,15.2702,14.0445,14.0747,2729759,
301137.SZ,哈焊华通,2022-10-10,14.0646,14.1349,13.4418,13.4619,1971598,
301137.SZ,哈焊华通,2022-10-11,13.3915,13.6125,13.3112,13.4518,1039316,
301137.SZ,哈焊华通,2022-10-12,13.4116,13.7532,13.271,13.7331,1476883,
301137.SZ,哈焊华通,2022-10-13,13.6628,14.1651,13.5724,13.9742,2119093,
301137.SZ,哈焊华通,2022-10-14,13.9742,14.2756,13.9742,14.145,1533836,
301137.SZ,哈焊华通,2022-10-17,14.145,14.6071,14.0747,14.577,1952379,
301137.SZ,哈焊华通,2022-10-18,14.577,14.6674,14.4162,14.4665,1465717,
301137.SZ,哈焊华通,2022-10-19,14.4665,14.5669,14.2756,14.3158,1246462,
301137.SZ,哈焊华通,2022-10-20,14.2655,14.3861,14.0646,14.2354,1361249,
301137.SZ,哈焊华通,2022-10-21,14.3459,14.3961,14.1952,14.2555,889663,
301137.SZ,哈焊华通,2022-10-24,14.3258,14.6071,14.155,14.2555,1513618,
301137.SZ,哈焊华通,2022-10-25,14.2153,14.3761,13.8034,14.1249,1540224,
301137.SZ,哈焊华通,2022-10-26,14.1852,14.4464,14.1751,14.3158,1404424,
301137.SZ,哈焊华通,2022-10-27,14.155,14.3258,13.7632,13.7733,2663780,
301137.SZ,哈焊华通,2022-10-28,13.7231,13.7934,13.0701,13.0701,2466686,
301137.SZ,哈焊华通,2022-10-31,13.06,13.6728,13.06,13.5221,2202314,
301137.SZ,哈焊华通,2022-11-01,13.6728,13.8637,13.502,13.8637,1739499,
301137.SZ,哈焊华通,2022-11-02,13.9943,14.0546,13.7833,14.0144,1592962,
301137.SZ,哈焊华通,2022-11-03,13.9139,14.1952,13.7833,14.1149,1365991,
301137.SZ,哈焊华通,2022-11-04,14.1249,14.356,14.0847,14.3258,1703412,
301137.SZ,哈焊华通,2022-11-07,14.356,14.4765,14.2455,14.356,1610722,
301137.SZ,哈焊华通,2022-11-08,14.356,14.4263,14.2153,14.3861,1043032,
301137.SZ,哈焊华通,2022-11-09,14.4263,14.5368,14.3258,14.366,943326,
301137.SZ,哈焊华通,2022-11-10,14.3359,14.3761,14.1349,14.1651,1079752,
301137.SZ,哈焊华通,2022-11-11,14.366,14.4263,14.1852,14.1852,1654426,
301137.SZ,哈焊华通,2022-11-14,14.1852,14.3459,14.0144,14.0546,1313753,
301137.SZ,哈焊华通,2022-11-15,14.0847,14.4162,14.0144,14.4062,1651276,
301137.SZ,哈焊华通,2022-11-16,14.4363,14.9487,14.366,14.6172,3568532,
301137.SZ,哈焊华通,2022-11-17,14.5167,14.6272,14.3459,14.4966,2089695,
301137.SZ,哈焊华通,2022-11-18,14.5468,14.5468,14.2756,14.2756,1578620,
301137.SZ,哈焊华通,2022-11-21,14.2455,14.366,14.145,14.3158,1030253,
301137.SZ,哈焊华通,2022-11-22,14.2957,16.104,14.2957,15.3907,9188980,
301137.SZ,哈焊华通,2022-11-23,15.1998,16.0337,15.009,15.1496,9582178,
301137.SZ,哈焊华通,2022-11-24,15.0692,15.451,14.8281,15.3003,5648201,
301137.SZ,哈焊华通,2022-11-25,15.1597,15.5916,15.0893,15.0994,4523672,
301137.SZ,哈焊华通,2022-11-28,14.7478,15.1195,14.5669,14.8482,3444315,
301137.SZ,哈焊华通,2022-11-29,14.7478,15.009,14.5971,14.9386,3255613,
301137.SZ,哈焊华通,2022-11-30,14.8683,15.4209,14.6674,15.4209,5115493,
301137.SZ,哈焊华通,2022-12-01,15.3505,15.5916,15.1998,15.4409,4666762,
301137.SZ,哈焊华通,2022-12-02,15.3907,15.4711,15.1697,15.3003,2516389,
301137.SZ,哈焊华通,2022-12-05,15.2501,15.8729,15.2199,15.7323,4331555,
301137.SZ,哈焊华通,2022-12-06,15.4912,15.662,15.2601,15.2802,3138572,
301137.SZ,哈焊华通,2022-12-07,15.2802,15.3505,15.009,15.0692,2813062,
301137.SZ,哈焊华通,2022-12-08,15.0491,15.1597,14.9286,14.9688,1789872,
301137.SZ,哈焊华通,2022-12-09,14.9487,15.2099,14.7779,14.9889,1732964,
301137.SZ,哈焊华通,2022-12-12,14.9688,15.2601,14.7176,15.1195,2549511,
301137.SZ,哈焊华通,2022-12-13,15.1496,15.1597,14.7779,14.798,1757418,
301137.SZ,哈焊华通,2022-12-14,14.7779,14.8583,14.2756,14.3057,2332763,
301137.SZ,哈焊华通,2022-12-15,14.3359,14.4665,14.1149,14.3761,1180357,
301137.SZ,哈焊华通,2022-12-16,14.4062,14.4062,13.9039,13.9039,1983100,
301137.SZ,哈焊华通,2022-12-19,13.9139,14.0244,13.5623,13.703,1039070,
301137.SZ,哈焊华通,2022-12-20,13.703,13.8235,13.5824,13.7331,675343,
301137.SZ,哈焊华通,2022-12-21,13.7532,13.8537,13.6125,13.6427,603264,
301137.SZ,哈焊华通,2022-12-22,13.7231,13.7632,13.3112,13.3313,931990,
301137.SZ,哈焊华通,2022-12-23,13.3513,13.4518,13.2609,13.3011,611465,
301137.SZ,哈焊华通,2022-12-26,13.3212,13.6628,13.3011,13.5925,768030,
301137.SZ,哈焊华通,2022-12-27,13.6326,13.6829,13.5121,13.5925,555010,
301137.SZ,哈焊华通,2022-12-28,13.6728,13.6728,13.2911,13.4317,663748,
301137.SZ,哈焊华通,2022-12-29,13.4217,13.5221,13.271,13.3212,799894,
301137.SZ,哈焊华通,2022-12-30,13.4619,13.4619,13.3313,13.3714,468402,
301137.SZ,哈焊华通,2023-01-03,13.3915,13.7331,13.3714,13.713,874540,
301137.SZ,哈焊华通,2023-01-04,13.6628,13.924,13.6628,13.8537,1009592,
301137.SZ,哈焊华通,2023-01-05,13.9039,13.9642,13.7632,13.8436,747533,
301137.SZ,哈焊华通,2023-01-06,13.8637,13.8938,13.6728,13.6929,895028,
301137.SZ,哈焊华通,2023-01-09,13.703,13.9139,13.6527,13.7833,568768,
301137.SZ,哈焊华通,2023-01-10,14.0244,14.0948,13.8235,13.9541,1082468,
301137.SZ,哈焊华通,2023-01-11,13.7833,13.9139,13.6728,13.703,825744,
301137.SZ,哈焊华通,2023-01-12,13.9139,14.1952,13.7833,13.7934,1036485,
301137.SZ,哈焊华通,2023-01-13,13.7934,13.8838,13.713,13.7833,623962,
301137.SZ,哈焊华通,2023-01-16,13.7632,13.924,13.7431,13.8838,674200,
301137.SZ,哈焊华通,2023-01-17,13.8838,13.9642,13.8336,13.934,518141,
301137.SZ,哈焊华通,2023-01-18,13.9843,14.0546,13.8235,13.9943,638944,
301137.SZ,哈焊华通,2023-01-19,13.924,14.1349,13.924,14.1048,933254,
301137.SZ,哈焊华通,2023-01-20,14.2153,14.5267,14.1651,14.1852,1208823,
301137.SZ,哈焊华通,2023-01-30,14.356,14.6172,14.3158,14.5368,1928886,
301137.SZ,哈焊华通,2023-01-31,14.4966,14.7879,14.4665,14.7679,1978660,
301137.SZ,哈焊华通,2023-02-01,14.8583,14.9185,14.6774,14.8784,1908158,
301137.SZ,哈焊华通,2023-02-02,15.0893,15.1195,14.808,14.9085,1942497,
301137.SZ,哈焊华通,2023-02-03,14.8683,15.1697,14.7277,14.8382,1822291,
301137.SZ,哈焊华通,2023-02-06,14.8784,14.9487,14.7478,14.7779,1037143,
301137.SZ,哈焊华通,2023-02-07,14.8985,15.1295,14.7277,15.0592,1704905,
301137.SZ,哈焊华通,2023-02-08,15.0291,15.1195,14.8181,14.8181,1330824,
301137.SZ,哈焊华通,2023-02-09,14.8181,14.9688,14.8181,14.9085,1142664,
301137.SZ,哈焊华通,2023-02-10,14.9085,15.019,14.8181,14.8985,1346864,
301137.SZ,哈焊华通,2023-02-13,14.8884,15.1195,14.8683,15.1195,2057582,
301137.SZ,哈焊华通,2023-02-14,15.2199,15.2601,14.9688,15.0291,1492284,
301137.SZ,哈焊华通,2023-02-15,15.0793,15.1295,14.9788,15.1295,1454704,
301137.SZ,哈焊华通,2023-02-16,15.1295,15.1295,14.4665,14.587,2270466,
301137.SZ,哈焊华通,2023-02-17,14.6172,14.808,14.5569,14.587,1353244,
301137.SZ,哈焊华通,2023-02-20,14.6172,14.7779,14.5067,14.7377,1240587,
301137.SZ,哈焊华通,2023-02-21,14.8281,14.8382,14.6473,14.7578,915000,
301137.SZ,哈焊华通,2023-02-22,14.7578,14.8382,14.6875,14.7679,821908,
301137.SZ,哈焊华通,2023-02-23,15.0592,15.0592,14.798,14.8482,1195800,
301137.SZ,哈焊华通,2023-02-24,14.8482,15.5414,14.8482,15.3807,5647929,
301137.SZ,哈焊华通,2023-02-27,15.3204,15.3907,14.9989,15.1195,3176248,
301137.SZ,哈焊华通,2023-02-28,15.0692,15.2099,14.8482,15.0391,1937906,
301137.SZ,哈焊华通,2023-03-01,15.009,15.0491,14.8985,15.0491,1558888,
301137.SZ,哈焊华通,2023-03-02,14.9788,15.1295,14.9587,14.9889,1389696,
301137.SZ,哈焊华通,2023-03-03,14.9386,16.4757,14.9386,15.9232,9715159,
301137.SZ,哈焊华通,2023-03-06,15.8729,16.0337,15.5414,15.672,5950909,
301137.SZ,哈焊华通,2023-03-07,15.5816,15.9433,15.2702,15.3103,5109783,
301137.SZ,哈焊华通,2023-03-08,15.3003,15.7725,15.2702,15.7222,3814524,
301137.SZ,哈焊华通,2023-03-09,15.7323,15.9935,15.4008,15.9232,4805073,
301137.SZ,哈焊华通,2023-03-10,15.8127,16.3551,15.4811,16.0538,7098806,
301137.SZ,哈焊华通,2023-03-13,19.2685,19.2685,17.7516,18.0128,26491202,
301137.SZ,哈焊华通,2023-03-14,17.1086,17.1588,16.5661,16.8072,21181778,
301137.SZ,哈焊华通,2023-03-15,16.2748,17.4602,16.1341,17.0584,17393952,
301137.SZ,哈焊华通,2023-03-16,16.7168,17.2091,16.3451,16.4757,11122656,
301137.SZ,哈焊华通,2023-03-17,16.3049,17.0182,16.2045,16.9981,11533660,
301137.SZ,哈焊华通,2023-03-20,16.978,17.5908,16.5862,17.2693,13763131,
301137.SZ,哈焊华通,2023-03-21,16.9177,17.1689,16.7469,16.9579,7838179,
301137.SZ,哈焊华通,2023-03-22,17.2693,17.2693,16.3752,16.4657,7929446,
301137.SZ,哈焊华通,2023-03-23,16.1542,16.5661,16.1542,16.3451,5027520,
301137.SZ,哈焊华通,2023-03-24,16.2647,16.2949,15.7423,15.7524,6545087,
301137.SZ,哈焊华通,2023-03-27,15.7423,15.8528,15.5414,15.6218,3331681,
301137.SZ,哈焊华通,2023-03-28,15.5715,15.7222,15.24,15.3204,3201615,
301137.SZ,哈焊华通,2023-03-29,15.24,15.4409,15.24,15.3706,2010300,
301137.SZ,哈焊华通,2023-03-30,15.2903,15.3405,15.0592,15.2099,2385159,
301137.SZ,哈焊华通,2023-03-31,15.3505,15.5213,15.1797,15.4711,2492992,
301137.SZ,哈焊华通,2023-04-03,15.5314,15.6017,15.3204,15.4711,2154330,
301137.SZ,哈焊华通,2023-04-04,15.4108,15.8227,15.23,15.672,3936588,
301137.SZ,哈焊华通,2023-04-06,15.6519,15.6519,15.2903,15.3103,2875383,
301137.SZ,哈焊华通,2023-04-07,15.2199,15.5012,15.2199,15.3103,1965242,
301137.SZ,哈焊华通,2023-04-10,15.2601,15.4108,14.9688,14.9788,2451092,
301137.SZ,哈焊华通,2023-04-11,14.9788,15.1496,14.8784,15.019,1456601,
301137.SZ,哈焊华通,2023-04-12,14.9989,15.451,14.9688,15.2903,2502580,
301137.SZ,哈焊华通,2023-04-13,15.2802,15.2903,15.0391,15.0793,1606287,
301137.SZ,哈焊华通,2023-04-14,15.1597,15.3807,15.009,15.3003,1994709,
301137.SZ,哈焊华通,2023-04-17,15.23,15.8227,15.2099,15.5615,3673390,
301137.SZ,哈焊华通,2023-04-18,15.451,15.451,15.1094,15.1998,2242445,
301137.SZ,哈焊华通,2023-04-19,15.1195,15.1898,14.9688,14.9989,1632544,
301137.SZ,哈焊华通,2023-04-20,14.8784,15.0291,14.6272,14.8382,2088143,
301137.SZ,哈焊华通,2023-04-21,14.9386,14.9989,14.3459,14.3459,2148522,
301137.SZ,哈焊华通,2023-04-24,14.2957,14.3961,14.1651,14.3258,1201188,
301137.SZ,哈焊华通,2023-04-25,14.1651,14.5167,13.7431,13.9642,1940776,
301137.SZ,哈焊华通,2023-04-26,13.8838,14.3961,13.8838,14.1952,1403566,
301137.SZ,哈焊华通,2023-04-27,14.3158,14.4363,14.0948,14.1751,1141200,
301137.SZ,哈焊华通,2023-04-28,14.1751,14.4966,14.1751,14.4765,1417444,
301137.SZ,哈焊华通,2023-05-04,14.366,14.6674,14.3459,14.5468,1004800,
301137.SZ,哈焊华通,2023-05-05,15.0491,15.0491,14.356,14.5167,2122022,
301137.SZ,哈焊华通,2023-05-08,14.366,14.9487,14.366,14.8281,2338200,
301137.SZ,哈焊华通,2023-05-09,14.9587,15.6921,14.7679,15.2802,5436448,
301137.SZ,哈焊华通,2023-05-10,15.1697,15.5615,15.1195,15.4008,3345624,
301137.SZ,哈焊华通,2023-05-11,15.2702,15.7524,15.1295,15.7021,4335472,
301137.SZ,哈焊华通,2023-05-12,15.5314,16.0739,15.4912,15.9633,5844236,
301137.SZ,哈焊华通,2023-05-15,15.9734,16.2245,15.6821,16.2045,4035664,
301137.SZ,哈焊华通,2023-05-16,16.0739,16.2748,15.883,15.9935,3774173,
301137.SZ,哈焊华通,2023-05-17,15.9232,16.4757,15.883,16.4657,4211922,
301137.SZ,哈焊华通,2023-05-18,16.3551,16.546,16.1743,16.2245,3042413,
301137.SZ,哈焊华通,2023-05-19,16.0437,16.4154,15.9935,16.3049,2686231,
301137.SZ,哈焊华通,2023-05-22,16.1442,16.6364,16.1442,16.2346,2164459,
301137.SZ,哈焊华通,2023-05-23,16.315,16.3451,15.8227,15.8528,3011897,
301137.SZ,哈焊华通,2023-05-24,15.7725,17.0483,15.7624,16.7168,8283198,
301137.SZ,哈焊华通,2023-05-25,16.6163,16.6565,16.0839,16.4757,5085279,
301137.SZ,哈焊华通,2023-05-26,16.3551,16.5159,16.104,16.2748,2766744,
301137.SZ,哈焊华通,2023-05-29,16.1341,16.2848,15.8729,16.0638,2299693,
301137.SZ,哈焊华通,2023-05-30,16.0638,16.5963,15.883,16.1643,2962659,
301137.SZ,哈焊华通,2023-05-31,16.1743,16.546,15.893,16.4054,3637002,
301137.SZ,哈焊华通,2023-06-01,16.4054,16.4255,16.0236,16.315,2679044,
301137.SZ,哈焊华通,2023-06-02,16.315,16.7269,16.2647,16.5058,3349488,
301137.SZ,哈焊华通,2023-06-05,16.5259,16.8173,16.1944,16.2647,2939835,
301137.SZ,哈焊华通,2023-06-06,16.325,16.3551,15.9332,16.0236,2162373,
301137.SZ,哈焊华通,2023-06-07,15.9734,16.2547,15.883,16.1643,1740142,
301137.SZ,哈焊华通,2023-06-08,16.1341,16.6163,16.0337,16.3752,2803740,
301137.SZ,哈焊华通,2023-06-09,16.315,16.6465,16.0236,16.6364,2857000,
301137.SZ,哈焊华通,2023-06-12,16.6766,17.1086,16.3351,16.5058,2751200,
301137.SZ,哈焊华通,2023-06-13,16.6565,16.6565,16.1442,16.4757,1995706,
301137.SZ,哈焊华通,2023-06-14,16.6465,16.6565,16.2547,16.3049,2170700,
301137.SZ,哈焊华通,2023-06-15,16.2346,16.7771,16.0136,16.7469,3594203,
301137.SZ,哈焊华通,2023-06-16,16.7269,17.8721,16.6264,16.9378,7501631,
301137.SZ,哈焊华通,2023-06-19,16.7068,17.631,16.5762,17.2894,7699369,
301137.SZ,哈焊华通,2023-06-20,17.0785,18.6859,17.0282,18.1936,11283616,
301137.SZ,哈焊华通,2023-06-21,17.8705,18.0119,17.2244,17.5474,6569860,
301137.SZ,哈焊华通,2023-06-26,17.1335,17.4667,16.2147,16.3965,4748215,
301137.SZ,哈焊华通,2023-06-27,16.346,16.9316,16.2955,16.9114,3327655,
301137.SZ,哈焊华通,2023-06-28,16.8104,17.3152,16.0936,17.1133,4779296,
301137.SZ,哈焊华通,2023-06-29,16.9619,17.9311,16.871,17.6686,5041352,
301137.SZ,哈焊华通,2023-06-30,17.5979,18.2845,17.5979,18.0422,5380291,
301137.SZ,哈焊华通,2023-07-03,18.1027,18.2037,17.3051,17.4162,4276404,
301137.SZ,哈焊华通,2023-07-04,17.5373,17.6585,17.0527,17.2445,3491739,
301137.SZ,哈焊华通,2023-07-05,17.3455,17.6585,17.1133,17.1941,3918000,
301137.SZ,哈焊华通,2023-07-06,17.0931,17.5777,16.9921,17.1638,4404980,
301137.SZ,哈焊华通,2023-07-07,17.0628,17.184,16.7801,16.8306,2682472,
301137.SZ,哈焊华通,2023-07-10,16.9417,17.0123,16.5378,16.6085,2663072,
301137.SZ,哈焊华通,2023-07-11,16.6085,16.6792,16.5075,16.659,1629600,
301137.SZ,哈焊华通,2023-07-12,16.7902,16.7902,16.2349,16.3157,1998700,
301137.SZ,哈焊华通,2023-07-13,16.3662,16.5782,16.1945,16.5782,2185127,
301137.SZ,哈焊华通,2023-07-14,16.457,17.1133,16.2551,16.9215,2765500,
301137.SZ,哈焊华通,2023-07-17,17.2546,17.2546,16.5681,16.9215,1922444,
301137.SZ,哈焊华通,2023-07-18,16.8104,16.8508,16.5681,16.7599,1399169,
301137.SZ,哈焊华通,2023-07-19,16.7902,16.8912,16.5681,16.8104,1411310,
301137.SZ,哈焊华通,2023-07-20,16.7801,16.8609,16.3965,16.4469,1576500,
301137.SZ,哈焊华通,2023-07-21,16.4469,16.5075,15.7806,15.8008,2294137,
301137.SZ,哈焊华通,2023-07-24,15.8109,16.245,15.6998,16.245,1468100,
301137.SZ,哈焊华通,2023-07-25,16.2349,16.8003,16.1239,16.6489,2523266,
301137.SZ,哈焊华通,2023-07-26,16.659,16.7599,16.2046,16.4166,2321500,
301137.SZ,哈焊华通,2023-07-27,16.4267,17.1335,16.2753,17.1032,5892014,
301137.SZ,哈焊华通,2023-07-28,17.2244,17.2244,16.1642,16.6792,5527292,
301137.SZ,哈焊华通,2023-07-31,16.5176,17.2849,15.9825,17.0325,7042805,
301137.SZ,哈焊华通,2023-08-01,17.3354,17.5676,16.4469,16.6489,8421848,
301137.SZ,哈焊华通,2023-08-02,16.1037,16.2955,15.6998,15.7099,6346100,
301137.SZ,哈焊华通,2023-08-03,15.5484,15.5787,15.2051,15.2051,3833036,
301137.SZ,哈焊华通,2023-08-04,15.2051,15.3565,15.1445,15.1546,2151880,
301137.SZ,哈焊华通,2023-08-07,15.1647,15.5383,15.1546,15.4575,2191733,
301137.SZ,哈焊华通,2023-08-08,15.4272,15.4878,15.2455,15.3363,1386244,
301137.SZ,哈焊华通,2023-08-09,15.3767,15.4272,15.2152,15.2556,926000,
301137.SZ,哈焊华通,2023-08-10,15.2051,15.4272,15.195,15.3868,1152200,
301137.SZ,哈焊华通,2023-08-11,15.3464,15.3868,15.0536,15.1647,1306579,
301137.SZ,哈焊华通,2023-08-14,15.0032,15.6998,15.0032,15.5383,1687561,
301137.SZ,哈焊华通,2023-08-15,15.4272,15.6291,15.2455,15.4979,1221233,
301137.SZ,哈焊华通,2023-08-16,15.6089,15.6089,15.1647,15.195,998800,
301137.SZ,哈焊华通,2023-08-17,15.0738,18.234,15.0738,18.234,18396877,
301137.SZ,哈焊华通,2023-08-18,19.0518,21.8788,18.3047,21.8788,25741489,
301137.SZ,哈焊华通,2023-08-21,23.2216,25.7457,21.4042,21.6869,32745629,
301137.SZ,哈焊华通,2023-08-22,21.9192,22.9591,20.8287,22.5148,28658338,
301137.SZ,哈焊华通,2023-08-23,21.5052,22.5047,20.8994,21.1518,23369833,
301137.SZ,哈焊华通,2023-08-24,20.5864,20.8691,17.9816,18.1128,23578795,
301137.SZ,哈焊华通,2023-08-25,17.6181,17.8402,16.5984,16.5984,18475555,
301137.SZ,哈焊华通,2023-08-28,17.4667,17.7595,16.0734,16.144,15023508,
301137.SZ,哈焊华通,2023-08-29,16.4368,19.3749,16.3864,19.3749,20891233,
301137.SZ,哈焊华通,2023-08-30,20.1523,20.1523,19.1124,19.284,21779308,
301137.SZ,哈焊华通,2023-08-31,19.0922,20.122,18.9407,19.7081,17162542,
301137.SZ,哈焊华通,2023-09-01,19.3244,22.1615,19.0215,20.8086,25054615,
301137.SZ,哈焊华通,2023-09-04,20.4956,21.4648,20.223,20.536,19003025,
301137.SZ,哈焊华通,2023-09-05,20.2129,20.9398,20.0715,20.2735,14511506,
301137.SZ,哈焊华通,2023-09-06,19.7182,20.0715,19.385,19.6677,11235079,
301137.SZ,哈焊华通,2023-09-07,19.9807,19.9807,18.9811,19.3749,9036816,
301137.SZ,哈焊华通,2023-09-08,19.4758,20.4653,19.1931,19.5162,13433605,
301137.SZ,哈焊华通,2023-09-11,19.0821,19.3648,18.4056,18.7388,11764960,
301137.SZ,哈焊华通,2023-09-12,18.9811,19.1427,18.5975,18.6076,6139017,
301137.SZ,哈焊华通,2023-09-13,18.345,18.6984,17.9513,18.1835,7088116,
301137.SZ,哈焊华通,2023-09-14,17.82,18.547,17.82,18.133,5781290,
301137.SZ,哈焊华通,2023-09-15,18.0321,18.3652,17.8806,18.0018,4400200,
301137.SZ,哈焊华通,2023-09-18,17.7292,18.5066,17.6686,18.1532,4446318,
301137.SZ,哈焊华通,2023-09-19,17.9715,19.5465,17.8604,18.658,14818903,
301137.SZ,哈焊华通,2023-09-20,17.8604,18.3551,17.1739,18.1229,10046882,
301137.SZ,哈焊华通,2023-09-21,17.6686,18.234,17.6686,17.7998,5824745,
301137.SZ,哈焊华通,2023-09-22,17.709,18.7489,17.709,18.6277,9617301,
301137.SZ,哈焊华通,2023-09-25,18.5773,19.5869,18.4763,19.385,13376902,
301137.SZ,哈焊华通,2023-09-26,19.0821,20.3946,18.6883,20.2533,18995257,
301137.SZ,哈焊华通,2023-09-27,20.6672,20.9196,19.7484,20.0917,18558870,
301137.SZ,哈焊华通,2023-09-28,20.1826,20.5763,19.7585,20.3239,14622654,
301137.SZ,哈焊华通,2023-10-09,19.8494,20.2331,19.4859,19.9403,9177652,
301137.SZ,哈焊华通,2023-10-10,20.223,20.2735,19.4859,19.5566,9086121,
301137.SZ,哈焊华通,2023-10-11,19.0114,20.435,18.6177,19.9908,14731676,
301137.SZ,哈焊华通,2023-10-12,19.7888,19.9302,19.1629,19.3749,9194176,
301137.SZ,哈焊华通,2023-10-13,19.5364,19.5667,18.6782,18.7792,7121130,
301137.SZ,哈焊华通,2023-10-16,19.1326,21.7071,19.0114,20.6975,20183894,
301137.SZ,哈焊华通,2023-10-17,20.1927,21.1619,19.7182,21.1417,16699660,
301137.SZ,哈焊华通,2023-10-18,20.5057,21.1316,19.7787,19.7989,12048329,
301137.SZ,哈焊华通,2023-10-19,19.9908,20.0513,18.4864,18.7893,10567121,
301137.SZ,哈焊华通,2023-10-20,18.3753,18.5066,17.4566,17.497,7772189,
301137.SZ,哈焊华通,2023-10-23,17.6787,17.6787,16.5883,16.77,4608715,
301137.SZ,哈焊华通,2023-10-24,16.7599,17.608,16.7599,17.1133,4950100,
301137.SZ,哈焊华通,2023-10-25,17.6585,20.3441,17.4667,19.9605,14513317,
301137.SZ,哈焊华通,2023-10-26,20.0109,20.1321,19.4355,19.8696,8021803,
301137.SZ,哈焊华通,2023-10-27,19.496,19.7686,18.9104,19.0316,6414325,
301137.SZ,哈焊华通,2023-10-30,18.8095,19.1729,18.6782,19.0619,4877305,
301137.SZ,哈焊华通,2023-10-31,18.6782,19.0619,18.5268,18.7489,4187561,
301137.SZ,哈焊华通,2023-11-01,19.0417,19.1326,18.2239,18.446,5515709,
301137.SZ,哈焊华通,2023-11-02,18.2845,18.6378,18.0321,18.0321,3943599,
301137.SZ,哈焊华通,2023-11-03,18.3854,19.4859,18.3753,19.0013,10612371,
301137.SZ,哈焊华通,2023-11-06,19.1528,19.5263,18.9508,19.3547,8247130,
301137.SZ,哈焊华通,2023-11-07,19.4153,19.5061,19.1225,19.4456,5908600,
301137.SZ,哈焊华通,2023-11-08,19.3951,19.5566,19.0922,19.385,4927348,
301137.SZ,哈焊华通,2023-11-09,19.4254,19.9605,19.3143,19.8898,11303580,
301137.SZ,哈焊华通,2023-11-10,19.7888,19.7888,19.1528,19.5768,7414021,
301137.SZ,哈焊华通,2023-11-13,19.4859,19.9403,19.4254,19.7383,5611949,
301137.SZ,哈焊华通,2023-11-14,19.6475,19.8393,19.4657,19.6778,5041214,
301137.SZ,哈焊华通,2023-11-15,19.7383,19.809,19.4052,19.5465,4534888,
301137.SZ,哈焊华通,2023-11-16,19.5364,19.5364,19.2739,19.2941,3462690,
301137.SZ,哈焊华通,2023-11-17,19.3345,19.5364,19.183,19.4859,3434000,
301137.SZ,哈焊华通,2023-11-20,19.3547,19.9201,19.3547,19.91,6187905,
301137.SZ,哈焊华通,2023-11-21,19.9201,20.021,19.4153,19.5162,5248440,
301137.SZ,哈焊华通,2023-11-22,19.4355,19.6071,18.6984,18.7287,5149519,
301137.SZ,哈焊华通,2023-11-23,18.6782,19.0316,18.4763,19.0114,2584300,
301137.SZ,哈焊华通,2023-11-24,18.8903,19.0013,18.3047,18.3148,3254810,
301137.SZ,哈焊华通,2023-11-27,18.1936,18.4864,18.1229,18.3955,2501734,
301137.SZ,哈焊华通,2023-11-28,18.3551,18.7792,18.234,18.6378,2399587,
301137.SZ,哈焊华通,2023-11-29,18.6378,18.8701,18.5369,18.6782,2134252,
301137.SZ,哈焊华通,2023-11-30,18.6177,19.0821,18.234,18.4864,2403194,
301137.SZ,哈焊华通,2023-12-01,18.4864,18.6378,18.1229,18.4965,1875400,
301137.SZ,哈焊华通,2023-12-04,18.658,19.6172,18.4965,19.2234,5297500,
301137.SZ,哈焊华通,2023-12-05,18.9407,19.072,18.658,18.7287,4194900,
301137.SZ,哈焊华通,2023-12-06,18.7792,18.9104,18.5268,18.7489,2691441,
301137.SZ,哈焊华通,2023-12-07,18.6177,18.7388,18.234,18.2845,2246141,
301137.SZ,哈焊华通,2023-12-08,18.1936,18.5066,18.022,18.0422,2035600,
301137.SZ,哈焊华通,2023-12-11,17.921,18.4359,17.7797,18.4359,1913100,
301137.SZ,哈焊华通,2023-12-12,18.4763,18.5672,18.2744,18.4965,1469200,
301137.SZ,哈焊华通,2023-12-13,18.4157,19.0013,18.345,18.6883,2948381,
301137.SZ,哈焊华通,2023-12-14,18.6782,19.385,18.6076,19.072,4446700,
301137.SZ,哈焊华通,2023-12-15,18.9811,19.0518,18.5874,18.8701,2849100,
301137.SZ,哈焊华通,2023-12-18,18.6782,18.6782,18.1734,18.2239,2144300,
301137.SZ,哈焊华通,2023-12-19,18.3753,18.4157,18.0018,18.2744,1305700,
301137.SZ,哈焊华通,2023-12-20,18.3249,18.9508,18.2542,18.6378,3605241,
301137.SZ,哈焊华通,2023-12-21,18.4662,18.6681,17.7696,18.335,3336372,
301137.SZ,哈焊华通,2023-12-22,18.2845,18.4561,17.8604,17.921,2466896,
301137.SZ,哈焊华通,2023-12-25,17.9513,18.1128,17.7595,17.9412,1495875,
301137.SZ,哈焊华通,2023-12-26,17.9412,18.0321,17.2445,17.2849,2112494,
301137.SZ,哈焊华通,2023-12-27,17.3354,17.6686,17.2042,17.6484,1449900,
301137.SZ,哈焊华通,2023-12-28,17.6484,18.446,17.4162,18.3551,2763844,
301137.SZ,哈焊华通,2023-12-29,18.2744,18.5773,18.2643,18.4662,1793129,
301137.SZ,哈焊华通,2024-01-02,18.6782,19.2032,18.3753,18.8196,4447353,
301137.SZ,哈焊华通,2024-01-03,18.7792,18.8802,18.4056,18.7893,3182017,
301137.SZ,哈焊华通,2024-01-04,18.6883,18.7893,18.5167,18.6782,1610184,
301137.SZ,哈焊华通,2024-01-05,18.7691,18.8903,18.2542,18.3652,2068300,
301137.SZ,哈焊华通,2024-01-08,18.2542,18.3652,17.4667,17.5777,1708400,
301137.SZ,哈焊华通,2024-01-09,17.5777,18.3652,17.5272,17.9109,1766000,
301137.SZ,哈焊华通,2024-01-10,17.8402,18.0422,17.4162,17.4465,1705900,
301137.SZ,哈焊华通,2024-01-11,17.3657,17.921,17.2143,17.8503,1595236,
301137.SZ,哈焊华通,2024-01-12,17.9008,18.2643,17.7595,17.8604,1632915,
301137.SZ,哈焊华通,2024-01-15,17.921,17.9412,17.4768,17.6282,1339100,
301137.SZ,哈焊华通,2024-01-16,17.6686,17.7898,17.2849,17.5777,1186500,
301137.SZ,哈焊华通,2024-01-17,17.6181,17.6181,16.9417,16.9417,1319858,
301137.SZ,哈焊华通,2024-01-18,16.8508,17.0325,16.2046,16.6792,2041500,
301137.SZ,哈焊华通,2024-01-19,16.6691,16.7801,16.3965,16.4469,1261452,
301137.SZ,哈焊华通,2024-01-22,16.3864,16.4267,15.1445,15.3767,2014800,
301137.SZ,哈焊华通,2024-01-23,15.1445,15.5181,14.8416,15.2455,1849644,
301137.SZ,哈焊华通,2024-01-24,15.2051,17.1032,15.0133,16.134,4382489,
301137.SZ,哈焊华通,2024-01-25,15.9522,17.4667,15.6089,17.083,5576743,
301137.SZ,哈焊华通,2024-01-26,17.184,17.6686,16.982,17.3455,5151505,
301137.SZ,哈焊华通,2024-01-29,17.2345,18.1734,16.9013,16.9013,5792889,
301137.SZ,哈焊华通,2024-01-30,16.5782,17.4869,16.457,16.6792,3931148,
301137.SZ,哈焊华通,2024-01-31,16.7902,16.8306,15.4474,15.5282,4364119,
301137.SZ,哈焊华通,2024-02-01,15.508,15.508,14.6195,14.8416,2762594,
301137.SZ,哈焊华通,2024-02-02,15.0435,15.2556,13.3272,13.943,3506593,
301137.SZ,哈焊华通,2024-02-05,13.8522,13.8522,11.8531,12.1964,4595770,
301137.SZ,哈焊华通,2024-02-06,11.9844,12.7012,10.8031,12.0752,5219675,
301137.SZ,哈焊华通,2024-02-07,12.368,12.368,10.904,11.0959,5767684,
301137.SZ,哈焊华通,2024-02-08,11.1363,12.469,10.6718,12.4185,6260687,
301137.SZ,哈焊华通,2024-02-19,12.4993,13.206,12.4993,12.9233,4935107,
301137.SZ,哈焊华通,2024-02-20,12.9233,13.3877,12.6002,13.1656,3396162,
301137.SZ,哈焊华通,2024-02-21,13.0041,14.0238,12.9334,13.4281,5204775,
301137.SZ,哈焊华通,2024-02-22,13.2868,14.2358,13.2868,13.9632,4884243,
301137.SZ,哈焊华通,2024-02-23,14.1551,14.9022,13.9329,14.8113,6937755,
301137.SZ,哈焊华通,2024-02-26,14.882,15.6493,14.8214,15.0839,8259213,
301137.SZ,哈焊华通,2024-02-27,14.8719,15.3868,14.7508,15.3767,5524728,
301137.SZ,哈焊华通,2024-02-28,15.3767,15.6089,13.7108,13.7613,6715082,
301137.SZ,哈焊华通,2024-02-29,13.6301,14.5387,13.5089,14.4277,4038864,
301137.SZ,哈焊华通,2024-03-01,14.6195,14.8214,14.3368,14.8214,3633100,
301137.SZ,哈焊华通,2024-03-04,14.882,15.0435,14.2661,14.8517,3099348,
301137.SZ,哈焊华通,2024-03-05,14.6801,14.8214,14.4277,14.5387,2476290,
301137.SZ,哈焊华通,2024-03-06,14.5084,15.5181,14.4983,15.1041,4824602,
301137.SZ,哈焊华通,2024-03-07,15.0435,15.5988,15.0032,15.407,6640697,
301137.SZ,哈焊华通,2024-03-08,15.5181,15.5181,14.8618,15.2152,3909900,
301137.SZ,哈焊华通,2024-03-11,15.0839,15.195,14.8719,15.1647,2917945,
301137.SZ,哈焊华通,2024-03-12,15.1445,15.3061,14.9729,15.2758,3256209,
301137.SZ,哈焊华通,2024-03-13,15.2657,15.4474,15.1546,15.2859,2782112,
301137.SZ,哈焊华通,2024-03-14,15.4171,15.6695,15.0133,15.2354,3419857,
301137.SZ,哈焊华通,2024-03-15,15.2455,15.5181,15.1344,15.4575,2402919,
301137.SZ,哈焊华通,2024-03-18,15.5686,15.8916,15.5484,15.8916,3305167,
301137.SZ,哈焊华通,2024-03-19,15.821,15.9118,15.6392,15.6998,2138070,
301137.SZ,哈焊华通,2024-03-20,15.8008,16.0633,15.6796,16.0633,2641070,
301137.SZ,哈焊华通,2024-03-21,16.0532,16.245,15.5282,15.8916,2952000,
301137.SZ,哈焊华通,2024-03-22,15.7705,15.9017,15.2859,15.3969,2666143,
301137.SZ,哈焊华通,2024-03-25,15.2354,15.4575,14.8113,14.8416,2318676,
301137.SZ,哈焊华通,2024-03-26,14.9123,15.0133,14.4782,14.8618,2138200,
301137.SZ,哈焊华通,2024-03-27,14.7407,14.8214,14.1652,14.2358,2138200,
301137.SZ,哈焊华通,2024-03-28,14.2661,14.8214,14.1854,14.569,1762786,
301137.SZ,哈焊华通,2024-03-29,14.5791,15.094,14.5791,15.0738,2090400,
301137.SZ,哈焊华通,2024-04-01,15.2455,15.4676,15.1243,15.4676,1800362,
301137.SZ,哈焊华通,2024-04-02,15.4474,15.619,15.2556,15.4272,1405601,
301137.SZ,哈焊华通,2024-04-03,15.4272,15.4272,14.781,14.983,1496351,
301137.SZ,哈焊华通,2024-04-08,15.1647,15.1647,14.4378,14.4681,2159704,
301137.SZ,哈焊华通,2024-04-09,14.6195,14.7003,14.3368,14.7003,1476570,
301137.SZ,哈焊华通,2024-04-10,14.569,14.8113,14.0844,14.3166,1889019,
301137.SZ,哈焊华通,2024-04-11,14.1046,14.6801,14.0844,14.3772,1686367,
301137.SZ,哈焊华通,2024-04-12,14.3267,14.7003,14.2056,14.2863,1502400,
301137.SZ,哈焊华通,2024-04-15,14.2863,15.4474,13.4483,13.9229,4254278,
301137.SZ,哈焊华通,2024-04-16,13.5594,13.8219,12.4488,12.4589,4079487,
301137.SZ,哈焊华通,2024-04-17,12.6406,13.7108,12.6406,13.6906,3558280,
301137.SZ,哈焊华通,2024-04-18,13.5897,13.8724,13.3373,13.5695,2595900,
301137.SZ,哈焊华通,2024-04-19,13.6503,13.7613,13.2868,13.418,2062000,
301137.SZ,哈焊华通,2024-04-22,13.4281,13.7209,12.9233,13.4685,2310400,
301137.SZ,哈焊华通,2024-04-23,13.5594,13.943,13.4786,13.8017,2237504,
301137.SZ,哈焊华通,2024-04-24,13.8825,14.2358,13.8825,14.1551,2050617,
301137.SZ,哈焊华通,2024-04-25,14.1652,14.3065,13.943,14.3065,1863224,
301137.SZ,哈焊华通,2024-04-26,14.2863,14.357,13.9935,14.2358,2843387,
301137.SZ,哈焊华通,2024-04-29,14.1147,14.569,14.0642,14.5488,2545600,
301137.SZ,哈焊华通,2024-04-30,14.7003,14.7003,14.145,14.2964,2342200,
301137.SZ,哈焊华通,2024-05-06,14.4983,14.8416,14.4378,14.8012,2547000,
301137.SZ,哈焊华通,2024-05-07,14.8012,15.0839,14.67,14.9123,2176627,
301137.SZ,哈焊华通,2024-05-08,14.9123,15.094,14.7407,14.8315,2066400,
301137.SZ,哈焊华通,2024-05-09,14.8416,15.3363,14.7508,15.2758,2924800,
301137.SZ,哈焊华通,2024-05-10,15.2859,15.2859,14.5791,14.7306,3292140,
301137.SZ,哈焊华通,2024-05-13,14.6397,14.6599,14.3065,14.4277,1645200,
301137.SZ,哈焊华通,2024-05-14,14.2964,14.67,14.2964,14.5286,1125800,
301137.SZ,哈焊华通,2024-05-15,14.569,14.983,14.3772,14.6296,2687144,
301137.SZ,哈焊华通,2024-05-16,14.7709,16.0532,14.5892,15.195,5584300,
301137.SZ,哈焊华通,2024-05-17,15.0335,15.7503,15.0335,15.3464,5108760,
301137.SZ,哈焊华通,2024-05-20,15.0335,16.1541,14.882,15.7099,7230346,
301137.SZ,哈焊华通,2024-05-21,15.5484,15.5988,15.1041,15.1344,4386695,
301137.SZ,哈焊华通,2024-05-22,15.0335,15.6796,15.0335,15.1748,3737087,
301137.SZ,哈焊华通,2024-05-23,15.0435,15.5181,14.9729,15.2051,4026787,
301137.SZ,哈焊华通,2024-05-24,15.2051,15.9219,14.9931,15.6493,6429675,
301137.SZ,哈焊华通,2024-05-27,15.4171,16.0835,15.3464,16.0431,7516059,
301137.SZ,哈焊华通,2024-05-28,15.8008,16.8609,15.5787,16.6489,10143059,
301137.SZ,哈焊华通,2024-05-29,16.2248,16.7094,15.8614,16.0229,7638488,
301137.SZ,哈焊华通,2024-05-30,15.8916,15.8916,15.3262,15.3767,4566798,
301137.SZ,哈焊华通,2024-05-31,15.3969,15.8008,15.296,15.4676,3764689,
301137.SZ,哈焊华通,2024-06-03,15.4171,15.4373,14.9022,15.1546,3802000,
301137.SZ,哈焊华通,2024-06-04,15.1243,15.7099,14.9628,15.6998,4965184,
301137.SZ,哈焊华通,2024-06-05,15.6493,15.6998,14.4782,14.5185,4682500,
301137.SZ,哈焊华通,2024-06-06,14.5892,15.2354,13.5796,13.8219,4626184,
301137.SZ,哈焊华通,2024-06-07,13.9733,14.4983,13.9229,14.1753,3482700,
301137.SZ,哈焊华通,2024-06-11,14.1854,14.3974,13.731,14.3166,2200645,
301137.SZ,哈焊华通,2024-06-12,14.357,14.7205,14.2358,14.4681,2592700,
301137.SZ,哈焊华通,2024-06-13,14.5488,14.781,14.3974,14.67,2941615,
301137.SZ,哈焊华通,2024-06-14,14.5589,14.6902,14.3974,14.5589,2020373,
301137.SZ,哈焊华通,2024-06-17,14.4681,14.6195,14.3267,14.3873,1570000,
301137.SZ,哈焊华通,2024-06-18,14.4782,15.1142,14.2964,15.0234,3122504,
301137.SZ,哈焊华通,2024-06-19,15.1142,15.2354,14.8214,14.8719,1861800,
301137.SZ,哈焊华通,2024-06-20,14.8416,14.9426,14.5286,14.5488,1786100,
301137.SZ,哈焊华通,2024-06-21,14.4782,14.5993,14.1248,14.3065,1601400,
301137.SZ,哈焊华通,2024-06-24,14.145,14.1652,13.4281,13.519,2233976,
301137.SZ,哈焊华通,2024-06-25,13.4887,13.832,13.4281,13.62,1376600,
301137.SZ,哈焊华通,2024-06-26,13.9329,14.3368,13.5897,14.3166,2589597,
301137.SZ,哈焊华通,2024-06-27,14.2962,14.7242,14.1638,14.3268,2765200,
301137.SZ,哈焊华通,2024-06-28,14.3472,15.1726,14.0619,14.8465,4184373,
301137.SZ,哈焊华通,2024-07-01,14.7038,15.1522,14.6733,15.091,3015770,
301137.SZ,哈焊华通,2024-07-02,15.0605,15.2643,14.9382,14.9789,3065009,
301137.SZ,哈焊华通,2024-07-03,14.9789,14.9993,14.4593,14.5102,2396972,
301137.SZ,哈焊华通,2024-07-04,14.4083,14.7548,13.96,14.0415,1977598,
301137.SZ,哈焊华通,2024-07-05,14.2147,14.3676,13.7052,14.2351,1582100,
301137.SZ,哈焊华通,2024-07-08,14.2453,14.5306,13.6848,13.7358,1489600,
301137.SZ,哈焊华通,2024-07-09,13.8479,14.1638,13.3486,14.1638,2048850,
301137.SZ,哈焊华通,2024-07-10,14.1434,14.3166,13.8581,13.96,1437400,
301137.SZ,哈焊华通,2024-07-11,14.4491,14.5306,14.1536,14.5,2033200,
301137.SZ,哈焊华通,2024-07-12,14.3879,14.5306,14.1536,14.2657,1640145,
301137.SZ,哈焊华通,2024-07-15,14.2962,14.2962,13.8377,13.96,1096500,
301137.SZ,哈焊华通,2024-07-16,13.8479,14.1841,13.7969,13.909,1095800,
301137.SZ,哈焊华通,2024-07-17,13.8683,13.909,13.532,13.532,1564600,
301137.SZ,哈焊华通,2024-07-18,13.4301,13.6237,13.1142,13.4505,1511200,
301137.SZ,哈焊华通,2024-07-19,13.4607,13.7867,13.369,13.7052,1406709,
301137.SZ,哈焊华通,2024-07-22,13.6543,13.8581,13.6135,13.7664,1090609,
301137.SZ,哈焊华通,2024-07-23,13.8071,13.8886,13.4505,13.4607,1118405,
301137.SZ,哈焊华通,2024-07-24,13.3486,13.7052,13.2161,13.4811,1578521,
301137.SZ,哈焊华通,2024-07-25,13.3792,13.7969,13.3078,13.6543,1438198,
301137.SZ,哈焊华通,2024-07-26,13.7052,14.5306,13.7052,14.3268,3182246,
301137.SZ,哈焊华通,2024-07-29,14.4287,14.4593,14.1943,14.4083,2169843,
301137.SZ,哈焊华通,2024-07-30,14.4185,14.4185,14.1434,14.3676,1422400,
301137.SZ,哈焊华通,2024-07-31,14.3472,14.7038,14.1638,14.6733,2191100,
301137.SZ,哈焊华通,2024-08-01,14.6631,14.928,14.6223,14.6733,1823700,
301137.SZ,哈焊华通,2024-08-02,14.6223,14.7446,14.2657,14.3574,1807200,
301137.SZ,哈焊华通,2024-08-05,14.2759,14.4185,13.7358,13.7969,1583200,
301137.SZ,哈焊华通,2024-08-06,14.0007,14.3676,13.9294,14.2045,1378100,
301137.SZ,哈焊华通,2024-08-07,14.2555,14.7752,14.174,14.5306,2209500,
301137.SZ,哈焊华通,2024-08-08,14.3064,14.5408,14.0313,14.337,1780000,
301137.SZ,哈焊华通,2024-08-09,14.4491,14.9382,14.174,14.877,4166900,
301137.SZ,哈焊华通,2024-08-12,14.8669,14.928,14.3981,14.5408,2968500,
301137.SZ,哈焊华通,2024-08-13,14.6223,15.5903,14.5612,15.142,5463200,
301137.SZ,哈焊华通,2024-08-14,14.9993,15.1012,14.7752,14.8465,3446300,
301137.SZ,哈焊华通,2024-08-15,14.7344,14.9178,14.5408,14.7242,2875600,
301137.SZ,哈焊华通,2024-08-16,14.7853,15.142,14.5306,14.5408,3125686,
301137.SZ,哈焊华通,2024-08-19,14.4185,14.6121,14.2351,14.5102,1927486,
301137.SZ,哈焊华通,2024-08-20,15.1827,15.8043,14.6529,14.9688,6406390,
301137.SZ,哈焊华通,2024-08-21,14.2657,14.7752,13.8479,14.1026,5352745,
301137.SZ,哈焊华通,2024-08-22,13.8071,14.0517,13.4607,13.5218,2836700,
301137.SZ,哈焊华通,2024-08-23,13.4505,13.695,13.2467,13.369,1623800,
301137.SZ,哈焊华通,2024-08-26,13.5116,13.6848,13.3893,13.6033,1341700,
301137.SZ,哈焊华通,2024-08-27,13.6033,13.6033,13.104,13.1652,1406000,
301137.SZ,哈焊华通,2024-08-28,13.155,13.6033,12.941,13.5218,1600700,
301137.SZ,哈焊华通,2024-08-29,13.5218,13.8071,13.3792,13.6339,1248000,
301137.SZ,哈焊华通,2024-08-30,13.6543,13.9192,13.5626,13.7154,1833300,
301137.SZ,哈焊华通,2024-09-02,13.6848,13.7358,13.3384,13.3792,1365600,
301137.SZ,哈焊华通,2024-09-03,13.4199,14.1434,13.3995,13.7256,2011600,
301137.SZ,哈焊华通,2024-09-04,13.6441,13.7358,13.532,13.5524,1376000,
301137.SZ,哈焊华通,2024-09-05,13.6441,13.7358,13.5524,13.6441,1103000,
301137.SZ,哈焊华通,2024-09-06,13.695,13.7766,13.369,13.3792,1541900,
301137.SZ,哈焊华通,2024-09-09,13.3486,16.0591,13.2059,16.0591,10611330,
301137.SZ,哈焊华通,2024-09-10,16.8233,18.4638,16.0285,16.0693,20496619,
301137.SZ,哈焊华通,2024-09-11,14.8261,17.1697,14.6936,15.8043,16419277,
301137.SZ,哈焊华通,2024-09-12,15.3152,16.5889,15.1012,15.5496,13409590,
301137.SZ,哈焊华通,2024-09-13,15.2439,16.487,15.0197,16.3444,16107796,
301137.SZ,哈焊华通,2024-09-18,15.2846,17.6181,15.2337,17.0373,16437295,
301137.SZ,哈焊华通,2024-09-19,16.3953,16.8641,15.9674,16.5584,12023588,
301137.SZ,哈焊华通,2024-09-20,16.6093,16.6093,15.6617,16.0387,10155499,
301137.SZ,哈焊华通,2024-09-23,15.5903,15.6311,15.0707,15.6209,8503586,
301137.SZ,哈焊华通,2024-09-24,15.4884,16.9252,15.1114,16.3444,12313145,
301137.SZ,哈焊华通,2024-09-25,16.3036,17.1697,16.1406,16.3851,12975866,
301137.SZ,哈焊华通,2024-09-26,16.324,17.6181,15.947,17.0984,12680061,
301137.SZ,哈焊华通,2024-09-27,17.1188,19.7579,16.8641,18.6269,16544595,
301137.SZ,哈焊华通,2024-09-30,19.2586,21.3883,18.4129,20.8788,18908212,
301137.SZ,哈焊华通,2024-10-08,24.2924,24.323,20.512,22.7639,17470751,
301137.SZ,哈焊华通,2024-10-09,20.5833,21.9895,18.3721,18.3721,10914077,
301137.SZ,哈焊华通,2024-10-10,18.9326,20.2776,18.5556,19.7274,9215380,
301137.SZ,哈焊华通,2024-10-11,19.0956,19.0956,17.8015,18.1683,7720146,
301137.SZ,哈焊华通,2024-10-14,17.9442,19.1771,17.9442,19.1771,5800016,
301137.SZ,哈焊华通,2024-10-15,18.8511,19.4828,18.4638,18.525,6156904,
301137.SZ,哈焊华通,2024-10-16,18.2295,18.6065,18.0053,18.3008,4109700,
301137.SZ,哈焊华通,2024-10-17,18.6473,19.4624,18.4231,18.4842,5474707,
301137.SZ,哈焊华通,2024-10-18,18.3314,19.4217,18.0868,19.0141,6888796,
301137.SZ,哈焊华通,2024-10-21,18.9733,19.8904,18.953,19.5643,6672644,
301137.SZ,哈焊华通,2024-10-22,19.4115,21.2966,19.2383,20.5731,10995550,
301137.SZ,哈焊华通,2024-10-23,20.1655,21.5106,19.8802,20.3795,10228259,
301137.SZ,哈焊华通,2024-10-24,19.9821,20.1452,19.2383,19.4013,6720131,
301137.SZ,哈焊华通,2024-10-25,19.2077,19.8089,18.9835,19.5847,5295100,
301137.SZ,哈焊华通,2024-10-28,19.4319,19.6866,19.2077,19.6357,4760902,
301137.SZ,哈焊华通,2024-10-29,19.5949,19.7376,18.7492,18.7492,5251306,
301137.SZ,哈焊华通,2024-10-30,18.7492,18.8001,18.1276,18.4944,4227658,
301137.SZ,哈焊华通,2024-10-31,18.4944,18.6473,18.2397,18.5861,3617510,
301137.SZ,哈焊华通,2024-11-01,18.5861,19.656,18.5861,19.0141,8446084,
301137.SZ,哈焊华通,2024-11-04,19.0141,20.1655,18.7695,20.0942,8805442,
301137.SZ,哈焊华通,2024-11-05,20.3286,20.3286,19.5847,20.1655,9539386,
301137.SZ,哈焊华通,2024-11-06,20.0229,21.1132,19.87,20.0636,8346728,
301137.SZ,哈焊华通,2024-11-07,19.7376,19.8904,19.3911,19.8904,5903140,
301137.SZ,哈焊华通,2024-11-08,20.0738,20.2878,19.8191,19.8904,5371539,
301137.SZ,哈焊华通,2024-11-11,19.7376,20.1655,19.6866,20.1655,4790077,
301137.SZ,哈焊华通,2024-11-12,20.1757,20.8788,19.9516,20.8788,8909900,
301137.SZ,哈焊华通,2024-11-13,20.7871,21.7755,20.4101,21.4902,9909951,
301137.SZ,哈焊华通,2024-11-14,21.0724,21.3374,19.921,20.1655,6497255,
301137.SZ,哈焊华通,2024-11-15,20.0331,20.2572,18.9224,19.0345,5098492,
301137.SZ,哈焊华通,2024-11-18,18.9835,19.2383,17.934,18.1582,4080339,
301137.SZ,哈焊华通,2024-11-19,18.1887,19.3402,18.0359,19.279,5048192,
301137.SZ,哈焊华通,2024-11-20,19.0447,19.2892,18.7899,19.065,4239400,
301137.SZ,哈焊华通,2024-11-21,18.902,19.7274,18.8816,19.1873,3553600,
301137.SZ,哈焊华通,2024-11-22,19.1567,19.6459,18.1683,18.1683,4065800,
301137.SZ,哈焊华通,2024-11-25,18.2397,18.5352,17.883,18.5352,2824400,
301137.SZ,哈焊华通,2024-11-26,18.4027,18.5963,18.0053,18.0563,2346688,
301137.SZ,哈焊华通,2024-11-27,17.8423,18.3314,17.343,18.3212,2979700,
301137.SZ,哈焊华通,2024-11-28,18.3212,18.5556,18.1582,18.2091,2176316,
301137.SZ,哈焊华通,2024-11-29,18.1887,18.739,18.0257,18.6473,2868784,
301137.SZ,哈焊华通,2024-12-02,18.8103,19.116,18.6575,18.953,2377560,
301137.SZ,哈焊华通,2024-12-03,19.3198,19.707,19.0141,19.1058,3548710,
301137.SZ,哈焊华通,2024-12-04,18.9937,19.9006,18.8205,19.2688,4086901,
301137.SZ,哈焊华通,2024-12-05,19.1669,19.7172,19.0549,19.5643,3193500,
301137.SZ,哈焊华通,2024-12-06,19.7579,19.7579,19.1669,19.3911,3182084,
301137.SZ,哈焊华通,2024-12-09,19.2994,19.4624,18.9122,19.2383,2572274,
301137.SZ,哈焊华通,2024-12-10,19.7478,19.87,19.2994,19.3402,3630700,
301137.SZ,哈焊华通,2024-12-11,19.2077,19.4115,18.953,19.4115,2456100,
301137.SZ,哈焊华通,2024-12-12,19.2383,19.5643,19.1975,19.4013,2004474,
301137.SZ,哈焊华通,2024-12-13,19.2688,19.3096,18.9631,19.0039,2094400,
301137.SZ,哈焊华通,2024-12-16,18.9428,19.2383,18.8511,19.0854,1712200,
301137.SZ,哈焊华通,2024-12-17,18.9835,19.1364,18.1174,18.1582,2503488,
301137.SZ,哈焊华通,2024-12-18,18.8511,19.3402,18.3416,18.7797,3516010,
301137.SZ,哈焊华通,2024-12-19,18.4027,19.279,18.3619,18.7593,2683310,
301137.SZ,哈焊华通,2024-12-20,18.6371,19.2994,18.5963,19.0549,2744900,
301137.SZ,哈焊华通,2024-12-23,19.0039,20.3591,18.8918,19.6866,7640794,
301137.SZ,哈焊华通,2024-12-24,19.544,20.3286,19.1364,20.2369,9247633,
301137.SZ,哈焊华通,2024-12-25,19.921,19.9719,19.2281,19.4319,5179632,
301137.SZ,哈焊华通,2024-12-26,19.8598,20.461,19.5847,20.0636,7252635,
301137.SZ,哈焊华通,2024-12-27,19.7783,20.0127,19.4115,19.4421,5237658,
301137.SZ,哈焊华通,2024-12-30,19.1669,19.279,18.3518,18.3925,4483700,
301137.SZ,哈焊华通,2024-12-31,18.525,18.6473,17.7913,17.8015,2911000,
